-0.135569	0.190437	-0.0209595
-0.114255	0.201169	-0.0415948
-0.138657	0.18846	-0.0175397
-0.138138	0.188743	-0.0187482
-0.13198	0.192597	-0.0246376
-0.133914	0.191348	-0.0235707
-0.113119	0.201677	-0.0423124
-0.113091	0.201657	-0.0424835
-0.116275	0.200009	-0.0414626
-0.137291	0.18933	-0.0192737
-0.135106	0.190697	-0.0216513
-0.134568	0.191034	-0.0221763
-0.137911	0.189072	-0.0171187
-0.116738	0.200006	-0.0401288
-0.117214	0.199732	-0.040065
-0.128541	0.19428	-0.0297726
-0.133223	0.19192	-0.0229297
-0.117559	0.199436	-0.0404926
-0.116962	0.199789	-0.0405215
-0.114724	0.200919	-0.0414776
-0.13524	0.19068	-0.0208994
-0.1333	0.191881	-0.0227511
-0.13434	0.191278	-0.0214331
-0.135521	0.190715	-0.0184314
-0.132258	0.192613	-0.02283
-0.137016	0.189769	-0.0165877
-0.136849	0.189865	-0.0169397
-0.126626	0.195669	-0.0290445
-0.130075	0.193877	-0.0250133
-0.133502	0.191929	-0.0209725
-0.131075	0.193304	-0.0240223
-0.133793	0.191704	-0.0211305
-0.132274	0.192504	-0.0236636
-0.124473	0.196667	-0.0317715
-0.134667	0.191131	-0.0205345
-0.135369	0.190762	-0.019087
-0.136138	0.190339	-0.0175259
-0.133133	0.192044	-0.0223384
-0.134437	0.191256	-0.0209567
-0.132215	0.192641	-0.0228346
-0.132456	0.192641	-0.0212913
-0.127611	0.195665	-0.024068
-0.129114	0.195462	-0.0155582
-0.105711	0.208443	-0.02549
-0.103309	0.209605	-0.0260237
-0.0953511	0.213463	-0.0256267
-0.0914737	0.215284	-0.0247898
-0.0884663	0.2164	-0.0262013
-0.0859723	0.218073	-0.0198363
-0.0998283	0.212677	-0.00887567
-0.103179	0.211134	0.00287393
-0.0996851	0.21277	0.00530204
-0.124556	0.19816	0.0170263
-0.117339	0.20342	0.00433341
-0.11288	0.205789	0.0092898
-0.106425	0.209332	0.00838849
-0.0767368	0.221817	-0.016908
-0.0739529	0.222807	-0.0164362
-0.0763758	0.22194	-0.0169715
-0.101315	0.211929	0.00795674
-0.0704753	0.223645	-0.0203014
-0.0718548	0.223343	-0.0186053
-0.0762492	0.222047	-0.0161436
-0.0760081	0.222053	-0.0172382
-0.076441	0.221857	-0.0178396
-0.0777225	0.221184	-0.0205361
-0.0795019	0.220802	-0.0173612
-0.0738676	0.222539	-0.0202986
-0.0762998	0.221712	-0.0202253
-0.0766918	0.221616	-0.0197484
-0.0735977	0.222514	-0.0215843
-0.0807939	0.219868	-0.0226415
-0.0866753	0.217691	-0.0215814
-0.12973	0.194735	0.0172943
-0.118079	0.202116	0.0180378
-0.0839942	0.218487	-0.0241093
-0.12071	0.196182	-0.0197394
-0.123262	0.183447	-0.0124082
-0.123533	0.188998	-0.0161349
-0.123573	0.191585	-0.0177701
-0.118856	0.192308	-0.0162201
-0.126042	0.177886	-0.0110694
-0.134988	0.151399	0.00126204
-0.125634	0.149758	0.0018127
-0.126259	0.148831	0.00203979
-0.112479	0.135602	-0.00485238
-0.111976	0.136074	-0.00250682
-0.113034	0.135133	-0.0028531
-0.0986193	0.146369	-0.0103635
-0.098127	0.146497	-0.0134673
-0.0984221	0.14619	-0.0147403
-0.168727	0.0573239	0.0795692
-0.16443	0.0515232	0.0898921
-0.137666	0.0280913	0.0898698
-0.138045	0.0199771	0.0900447
-0.135593	0.0283362	0.0927269
-0.133608	0.0233918	0.0958895
-0.130967	0.029019	0.0986991
-0.128574	0.0103675	0.102316
-0.120105	0.0216544	0.111671
-0.126002	0.0262743	0.105007
-0.12995	0.0189811	0.100843
-0.128847	0.0234314	0.101943
-0.140245	0.0225443	0.0866908
-0.132963	0.0257213	0.0966306
-0.130055	0.0310615	0.0996353
-0.131457	0.0260274	0.0985101
-0.130981	0.0244112	0.0992648
-0.131264	0.0224319	0.0990632
-0.132239	0.0289035	0.097149
-0.136995	0.0179147	0.0916108
-0.130295	0.0186045	0.100394
-0.13248	0.0107362	0.0975711
-0.129128	0.0203364	0.101778
-0.128413	0.0206497	0.102623
-0.131012	0.0140214	0.0995479
-0.132502	0.0145848	0.097657
-0.132419	0.0119631	0.0977048
-0.130782	0.0199724	0.0997535
-0.132562	0.0161898	0.0975855
-0.12493	0.00484574	0.106041
-0.124077	-0.00363767	0.105755
-0.123638	0.000408411	0.106903
-0.119575	0.0141287	0.112269
-0.12584	0.00794649	0.105259
-0.127457	0.00155568	0.102706
-0.124832	0.0125437	0.106623
-0.125576	0.015926	0.105832
-0.128556	0.00497079	0.101802
-0.127629	0.00500536	0.102912
-0.124937	0.00349116	0.105854
-0.122252	0.00843513	0.109251
-0.126673	0.00681078	0.104234
-0.123007	0.0166713	0.108722
-0.123439	0.0199449	0.108194
-0.126978	0.0189861	0.104282
-0.129345	0.027716	0.100866
-0.139207	0.0430932	0.0842814
-0.189708	0.0868502	0.094715
-0.188902	0.0886462	0.0948709
-0.188494	0.0897778	0.0947494
-0.188654	0.0940009	0.0910701
-0.099599	0.210366	-0.0337247
-0.0984534	0.210264	-0.0376722
-0.0950132	0.211636	-0.0389781
-0.0933759	0.212129	-0.0403013
-0.092589	0.212468	-0.0403554
-0.0919308	0.212717	-0.0405709
-0.0926195	0.212369	-0.0407985
-0.0930556	0.212176	-0.0407941
-0.0944366	0.211594	-0.0406022
-0.0978765	0.210029	-0.0404285
-0.111772	0.20376	-0.0353432
-0.112982	0.202531	-0.0383921
-0.113501	0.202017	-0.0395285
-0.114312	0.200542	-0.0443891
-0.117048	0.198534	-0.0460907
-0.122382	0.193385	-0.0532284
-0.133553	0.18403	-0.0584203
-0.136599	0.180487	-0.0620504
-0.138509	0.176665	-0.068287
-0.138178	0.170719	-0.0824082
-0.135885	0.171775	-0.0840753
-0.132375	0.17348	-0.086296
-0.132364	0.173777	-0.0857094
-0.131996	0.174142	-0.0855618
-0.124987	0.180725	-0.0827846
-0.127667	0.178472	-0.0834441
-0.132279	0.174907	-0.0835673
-0.138739	0.171107	-0.0805802
-0.138827	0.170177	-0.0742261
-0.13593	0.174037	-0.0792774
-0.133683	0.174834	-0.0814162
-0.126419	0.179025	-0.084212
-0.113027	0.187666	-0.0849839
-0.0941801	0.162631	-0.0808536
-0.102131	0.188351	-0.0822925
-0.0926543	0.20549	-0.0672942
-0.0891264	0.208037	-0.0642682
-0.0849745	0.210105	-0.0632551
-0.0782475	0.214431	-0.057301
-0.0763692	0.2163	-0.0527101
-0.0745834	0.216891	-0.0528874
-0.0757046	0.21673	-0.0519467
-0.0768605	0.216086	-0.0529354
-0.0728192	0.217654	-0.0523047
-0.0718087	0.218133	-0.0517245
-0.0709877	0.21858	-0.0509819
-0.0709347	0.218683	-0.0506119
-0.072898	0.218818	-0.047064
-0.0732781	0.218752	-0.0467672
-0.0758912	0.218147	-0.0453347
-0.0780665	0.217356	-0.0453826
-0.0804713	0.215999	-0.047543
-0.0857757	0.213437	-0.0496345
-0.0895803	0.211416	-0.0513987
-0.0982665	0.207574	-0.0508761
-0.101749	0.205279	-0.053104
-0.105617	0.201658	-0.0589185
-0.109435	0.195923	-0.0700022
-0.129822	0.185549	-0.0620862
-0.132053	0.181594	-0.0685206
-0.134679	0.177227	-0.0743521
-0.134901	0.175173	-0.0786178
-0.135382	0.17386	-0.0806235
-0.132499	0.172839	-0.0782819
-0.13444	0.17458	-0.0766934
-0.131191	0.178215	-0.0782808
-0.125254	0.182836	-0.077666
-0.117222	0.15951	-0.0526469
-0.116449	0.159988	-0.0523549
-0.118552	0.1631	-0.0515739
-0.11865	0.165824	-0.0509914
-0.117623	0.164916	-0.0488018
-0.116234	0.163979	-0.049256
-0.128557	0.182345	-0.0731734
-0.107608	0.194004	-0.0777424
-0.113576	0.16768	-0.0518041
-0.133784	0.179709	-0.0699961
-0.12062	0.173761	-0.0541822
-0.118843	0.171766	-0.0543669
-0.116146	0.168658	-0.0550801
-0.117525	0.168343	-0.0525633
-0.117076	0.166561	-0.0514298
-0.115757	0.169325	-0.0568057
-0.116771	0.166492	-0.0516425
-0.118201	0.170744	-0.0539101
-0.119783	0.17322	-0.0544258
-0.117079	0.167721	-0.0500928
-0.115646	0.165971	-0.0501126
-0.116177	0.165762	-0.0500809
-0.116964	0.167636	-0.051196
-0.117587	0.17222	-0.0562172
-0.119404	0.169686	-0.0489574
-0.118684	0.168663	-0.0486897
-0.116947	0.170287	-0.0513312
-0.115887	0.168087	-0.0498427
-0.111902	0.160148	-0.0426137
-0.116523	0.169261	-0.0483707
-0.120622	0.165958	-0.0411976
-0.119822	0.17005	-0.0465278
-0.117868	0.165719	-0.0450537
-0.117082	0.164619	-0.0451392
-0.118507	0.167341	-0.0481983
-0.118948	0.170056	-0.0508226
-0.117027	0.16337	-0.0485179
-0.118431	0.167683	-0.052266
-0.11692	0.165993	-0.0515648
-0.115323	0.164236	-0.0507061
-0.111955	0.155709	-0.0419122
-0.109162	0.187553	-0.0807869
-0.113452	0.163861	-0.0464818
-0.11429	0.162946	-0.0444008
-0.11281	0.161043	-0.044734
-0.111075	0.159305	-0.0466453
-0.113484	0.159677	-0.0425831
-0.117572	0.165343	-0.0431633
-0.119843	0.170757	-0.0460461
-0.118598	0.169885	-0.0463428
-0.118598	0.170048	-0.0438896
-0.118322	0.172248	-0.0450645
-0.118935	0.181991	-0.0466437
-0.110057	0.150965	-0.0248367
-0.089783	0.19891	-0.0877813
-0.0858841	0.198641	-0.0922166
-0.089402	0.196477	-0.0934164
-0.085174	0.198401	-0.0933838
-0.0898502	0.197564	-0.0906727
-0.0899572	0.19748	-0.0907478
-0.0880264	0.197243	-0.0931389
-0.120112	0.188779	-0.0716779
-0.114762	0.142977	-0.0140393
-0.0672342	0.199932	-0.104285
-0.0897524	0.197003	-0.0919709
-0.0860044	0.198684	-0.0920115
-0.0862462	0.199409	-0.0902128
-0.0862904	0.199783	-0.0893463
-0.0821587	0.200198	-0.0923123
-0.125674	0.188454	-0.0621745
-0.13035	0.186017	-0.0595646
-0.131272	0.185681	-0.0585172
-0.118902	0.140903	-0.00962666
-0.129935	0.186241	-0.0597848
-0.130334	0.186036	-0.0595303
-0.13036	0.18605	-0.0594223
-0.130469	0.185913	-0.0596032
-0.130701	0.185755	-0.0595708
-0.130969	0.185557	-0.0595831
-0.131315	0.185398	-0.0592959
-0.131222	0.185731	-0.0584627
-0.129424	0.186549	-0.0599632
-0.127492	0.187475	-0.0613099
-0.127744	0.18739	-0.0610329
-0.129569	0.1863	-0.060407
-0.129592	0.186003	-0.0612573
-0.130277	0.185698	-0.0606886
-0.131162	0.185285	-0.0599914
-0.13134	0.18506	-0.0602791
-0.131625	0.184886	-0.0601742
-0.130172	0.185469	-0.061612
-0.130721	0.185283	-0.0609708
-0.1299	0.18568	-0.0615708
-0.130331	0.185493	-0.0611931
-0.129377	0.186127	-0.0613545
-0.130021	0.185804	-0.0609226
-0.130566	0.185531	-0.060552
-0.130696	0.185425	-0.0605861
-0.131195	0.185201	-0.0601661
-0.131377	0.185125	-0.0599938
-0.129109	0.186313	-0.061364
-0.129807	0.185972	-0.0608827
-0.130439	0.185716	-0.0602742
-0.129638	0.185925	-0.0613923
-0.130716	0.185415	-0.0605782
-0.130919	0.185398	-0.0601786
-0.128937	0.186418	-0.0614168
-0.128042	0.18676	-0.0622948
-0.130526	0.185716	-0.0600861
-0.127305	0.187163	-0.0626393
