2.08311 0.801431 -1.37887 0.274938
2.08522 0.801497 -1.38118 0.268284
2.07537 0.863369 -1.42524 0.170488
2.06372 0.852705 -1.38902 0.197446
2.05185 0.852581 -1.36802 0.200371
2.03465 0.855485 -1.33263 0.206127
2.00759 0.862563 -1.29798 0.228692
1.98402 0.872298 -1.26428 0.244347
1.98443 0.857932 -1.2441 0.223811
1.96029 0.878525 -1.21769 0.23356
1.93508 0.901154 -1.18876 0.246383
1.91097 0.924416 -1.17099 0.266972
1.89836 0.92587 -1.15167 0.269287
1.88961 0.932868 -1.13508 0.275927
1.86362 0.963091 -1.12415 0.307307
1.84546 0.983591 -1.11239 0.331869
1.82874 1.00267 -1.09783 0.34117
1.82879 1.004 -1.05676 0.325905
1.81123 0.995628 -1.03202 0.332606
1.79462 1.0049 -1.02005 0.354354
1.79837 0.933633 -0.989002 0.304933
1.79616 0.958664 -0.98273 0.321997
1.79074 0.94879 -0.971452 0.320606
1.77602 0.986288 -0.966821 0.346796
1.82066 0.92719 -0.999815 0.274386
1.99171 0.844829 -1.13391 0.0629816
1.9556 0.851046 -1.11157 0.0814663
1.92941 0.860072 -1.09352 0.0893256
1.85528 0.877136 -1.02761 0.13949
1.82627 0.876384 -0.993945 0.143071
1.80463 0.871994 -0.968568 0.151389
1.79208 0.866025 -0.952983 0.179236
1.78013 0.86337 -0.938157 0.183787
1.78161 0.861115 -0.93696 0.183819
1.80428 0.843018 -0.950352 0.146492
1.94098 0.847013 -1.06083 0.0707179
1.9027 0.869157 -1.09132 0.142313
1.91282 0.880037 -1.11855 0.117885
1.9151 0.88338 -1.13613 0.120838
1.926 0.879724 -1.15884 0.127512
1.88864 0.803809 -1.11219 0.282537
1.88535 0.790996 -1.11238 0.310132
1.90798 0.811628 -1.15797 0.272361
1.91716 0.807264 -1.17851 0.268441
1.94007 0.792841 -1.20672 0.271478
1.92958 0.769203 -1.16465 0.318929
1.92438 0.75931 -1.14577 0.333765
1.93015 0.783189 -1.18263 0.30809
1.9383 0.782682 -1.19435 0.287922
1.93856 0.789339 -1.20121 0.277129
1.88816 0.776656 -1.12577 0.351276
1.8876 0.774513 -1.11406 0.347904
1.87347 0.774934 -1.08449 0.355883
1.87237 0.774863 -1.08004 0.357501
1.87144 0.775301 -1.07454 0.354404
1.87153 0.776409 -1.07173 0.351744
1.86947 0.785992 -1.06474 0.342227
1.86312 0.792673 -1.05843 0.349093
1.86139 0.796338 -1.05575 0.353907
1.85736 0.803096 -1.05385 0.361033
1.85592 0.808474 -1.05076 0.359189
1.85639 0.811279 -1.04546 0.359088
1.85676 0.813162 -1.04444 0.360093
1.85827 0.814067 -1.04548 0.36019
1.86358 0.814487 -1.04724 0.360938
1.86459 0.814223 -1.04749 0.360104
1.86701 0.813465 -1.04933 0.359688
1.86613 0.8141 -1.04938 0.36155
1.86387 0.814538 -1.04678 0.365043
1.8643 0.813459 -1.04742 0.36576
1.86341 0.812383 -1.04868 0.366129
1.8625 0.808105 -1.04879 0.365476
1.85345 0.793145 -1.05537 0.36481
1.84228 0.779793 -1.04783 0.367896
1.82002 0.768388 -1.04011 0.384546
1.80256 0.753215 -1.02607 0.404449
1.80388 0.702524 -1.04674 0.396989
1.78771 0.687438 -1.04138 0.415719
1.77524 0.669231 -1.03354 0.432999
1.7618 0.654254 -1.03206 0.445658
1.75742 0.618641 -1.05443 0.44886
1.76692 0.591683 -1.05749 0.47693
1.76504 0.585883 -1.06309 0.478923
1.76036 0.578565 -1.06124 0.492173
1.75261 0.558914 -1.05373 0.520417
1.75191 0.552791 -1.05325 0.520968
1.75151 0.547729 -1.0488 0.529599
1.75832 0.58734 -1.07828 0.55199
1.76676 0.566945 -1.0874 0.571257
1.76959 0.56377 -1.08479 0.581227
1.77264 0.56161 -1.08205 0.591133
1.77981 0.557956 -1.07673 0.599948
2.02703 0.528743 -1.29719 0.437301
2.05879 0.52409 -1.31516 0.428844
2.06652 0.52399 -1.3105 0.432287
2.07042 0.525071 -1.30421 0.433248
2.08527 0.523455 -1.30005 0.424545
2.08593 0.524568 -1.29126 0.41791
2.08622 0.526512 -1.28102 0.40865
2.07507 0.532749 -1.26435 0.404891
2.06291 0.541384 -1.24004 0.394915
2.05899 0.542748 -1.23424 0.392142
2.05245 0.547103 -1.22949 0.392964
2.05199 0.54789 -1.22275 0.387807
2.0403 0.557843 -1.21009 0.389557
2.03892 0.560679 -1.2077 0.390497
2.03918 0.561148 -1.2056 0.388373
2.02444 0.574156 -1.19947 0.395245
2.01574 0.58244 -1.18645 0.396372
2.01495 0.583847 -1.18312 0.394836
2.01036 0.589354 -1.17944 0.397322
2.01372 0.588666 -1.18346 0.394864
2.01446 0.593488 -1.1876 0.397
2.01234 0.598458 -1.18949 0.399914
1.98719 0.608227 -1.17145 0.41926
1.98403 0.61636 -1.17549 0.424674
2.00619 0.62054 -1.18872 0.424032
2.01313 0.620911 -1.1939 0.424699
2.02136 0.622257 -1.20255 0.421021
2.0366 0.622199 -1.21397 0.418446
2.06587 0.624322 -1.22641 0.401659
2.0744 0.62583 -1.23501 0.395427
2.08318 0.630122 -1.24528 0.392027
2.09596 0.629445 -1.25144 0.387888
2.1053 0.641048 -1.26268 0.38247
2.13449 0.632293 -1.28171 0.363513
2.12444 0.636515 -1.27992 0.370244
2.11839 0.639031 -1.28339 0.374669
2.21558 0.577875 -1.36522 0.303583
2.21643 0.574753 -1.3773 0.304051
2.21313 0.569124 -1.38589 0.312861
2.22058 0.564642 -1.38887 0.316086
2.22207 0.562745 -1.38731 0.336809
2.22533 0.555639 -1.396 0.344732
2.23465 0.548232 -1.41071 0.351803
2.23572 0.547169 -1.41002 0.360307
2.2375 0.59986 -1.43209 0.379403
2.24401 0.613765 -1.4449 0.364594
2.23452 0.598848 -1.4304 0.355139
2.21932 0.575233 -1.41621 0.369859
2.27633 0.694177 -1.54289 0.293654
2.25716 0.678077 -1.54486 0.291708
2.22903 0.67417 -1.54775 0.286981
2.20766 0.657598 -1.53567 0.282583
2.15996 0.675936 -1.5275 0.242931
2.14965 0.682328 -1.54408 0.219333
2.13574 0.685236 -1.55675 0.204999
2.10326 0.686946 -1.56213 0.195749
2.06609 0.678594 -1.53981 0.178956
2.05186 0.673901 -1.51816 0.170296
2.03788 0.669251 -1.52476 0.167871
2.02842 0.667612 -1.5189 0.15762
2.02047 0.661815 -1.50744 0.13696
2.02045 0.658793 -1.50207 0.128975
2.0222 0.654039 -1.49842 0.119802
2.02873 0.644535 -1.49384 0.117515
2.08896 0.617809 -1.42242 0.11276
2.1334 0.614943 -1.37555 0.103505
2.14864 0.601236 -1.3552 0.104239
2.16565 0.588086 -1.33413 0.105665
2.19495 0.560618 -1.29743 0.109739
2.21533 0.5587 -1.27156 0.1111
2.23306 0.551595 -1.25351 0.110058
2.24718 0.548604 -1.24151 0.107438
2.27022 0.535257 -1.22259 0.122806
2.28085 0.53504 -1.21465 0.120678
2.2886 0.536371 -1.20831 0.119705
2.29676 0.536413 -1.20479 0.112573
2.29982 0.538666 -1.20464 0.107345
2.30433 0.541098 -1.21053 0.0970214
2.31192 0.538247 -1.21229 0.0908138
2.31394 0.536924 -1.2131 0.0870918
2.29898 0.54286 -1.23873 0.0841166
2.29519 0.545463 -1.25236 0.0839955
2.2908 0.549238 -1.26536 0.085218
2.26886 0.562491 -1.28254 0.0878796
2.26001 0.582896 -1.31765 0.0790145
2.25605 0.591594 -1.32389 0.0728713
2.24281 0.608496 -1.33432 0.0643707
2.24321 0.618084 -1.33856 0.0565073
2.25431 0.651864 -1.34712 0.0341893
2.26797 0.662641 -1.34691 0.0317975
2.23529 0.677496 -1.36789 0.0235853
2.24629 0.689124 -1.36623 0.015276
2.26047 0.753455 -1.37178 -0.0599181
2.2632 0.767452 -1.37644 -0.056755
2.26296 0.783259 -1.38635 -0.0697203
2.26769 0.794505 -1.39906 -0.0685461
2.27576 0.824041 -1.45351 -0.0675441
2.27526 0.830847 -1.47824 -0.0670455
2.25766 0.841834 -1.51227 -0.0697216
2.22372 0.862335 -1.55203 -0.0790565
2.19738 0.906588 -1.54171 -0.079602
2.20007 0.920829 -1.53768 -0.0849346
2.19833 0.93477 -1.53098 -0.0897201
2.20235 0.945081 -1.52609 -0.0955528
2.20183 0.957776 -1.50734 -0.100371
2.18376 0.963031 -1.49663 -0.10173
2.18073 0.960286 -1.48373 -0.10352
2.17078 0.974664 -1.48111 -0.109275
2.16364 0.988432 -1.46248 -0.116965
2.16338 0.990617 -1.45506 -0.119616
2.16963 0.998559 -1.45476 -0.114206
2.168 1.00198 -1.44984 -0.104168
2.15482 1.01025 -1.43389 -0.0870704
2.17269 1.00876 -1.43725 -0.0904781
2.15727 1.00224 -1.42078 -0.0700573
2.14269 0.994683 -1.41047 -0.05398
2.08953 0.934677 -1.36943 0.0255275
2.10043 0.912442 -1.379 0.0284774
2.07928 0.887602 -1.36776 0.0549956
2.08159 0.859744 -1.36857 0.0705716
2.05953 0.787076 -1.35077 0.166309
2.025 0.77287 -1.31233 0.179896
1.99736 0.759907 -1.28951 0.230397
1.95028 0.745356 -1.2405 0.281432
1.83342 0.722842 -1.11785 0.37889
1.80331 0.717237 -1.08639 0.387891
1.51495 0.806771 -0.815662 0.710586
1.49802 0.819988 -0.779302 0.692875
1.4267 0.834237 -0.719509 0.739391
1.38457 0.845518 -0.670733 0.7812
1.38014 0.848576 -0.668836 0.779436
1.36944 0.866798 -0.649878 0.786286
1.3561 0.883972 -0.679657 0.798261
1.35377 0.884543 -0.687136 0.791502
1.32395 0.896022 -0.662539 0.814981
1.31657 0.919544 -0.641066 0.837736
1.2692 0.965229 -0.544468 0.848604
1.14714 0.988518 -0.349583 0.889853
1.1988 0.977068 -0.382959 0.821376
0.967754 1.72229 -1.54016 1.217
2.71204 -1.68196 -0.948446 -0.0394597
2.80903 -1.85536 -0.798371 0.21672
2.87887 -2.12588 -0.81601 0.39839
2.93881 -2.3237 -0.680577 0.571206
1.07502 2.53511 0.49601 0.708984
1.64427 2.70064 0.812716 0.982562
2.81811 -2.72805 -0.148302 0.493645
2.8266 -2.72644 0.0756679 0.401534
0.448911 2.85793 -0.336824 0.589349
1.17673 2.75018 -0.0221521 0.310928
2.11676 1.38384 0.337054 -1.16681
2.11506 1.39154 0.327915 -1.16013
2.13969 1.7333 0.222108 -0.826294
2.09758 1.49747 0.236921 -1.06371
2.09191 1.50652 0.223803 -1.05618
2.08809 1.50941 0.216365 -1.0542
2.08051 1.5054 0.205245 -1.05973
2.07828 1.50934 0.200124 -1.05633
2.14534 1.8095 0.212124 -0.751435
2.1422 1.80733 0.209014 -0.754193
2.12651 1.82413 0.18831 -0.740734
2.12615 1.82441 0.187862 -0.740532
2.12511 1.82634 0.186384 -0.738838
2.10839 1.63327 0.207248 -0.929867
2.11529 1.80591 0.653286 -1.21822
2.09045 1.52137 1.56082 -1.38414
2.11996 1.79721 0.67838 -1.22225
2.12085 1.81015 0.658733 -1.21156
2.09183 1.69157 0.842346 -1.31756
2.09399 1.52545 1.5409 -1.38051
2.13857 1.79205 0.729538 -1.21443
2.10289 1.70763 0.826942 -1.2986
2.12453 1.79218 0.697524 -1.22305
2.12819 1.80852 0.67789 -1.20821
2.12851 1.81201 0.672908 -1.20531
2.12298 1.61398 1.17111 -1.33255
2.13967 1.8359 0.65995 -1.17995
2.13934 1.84157 0.650934 -1.17565
2.13963 1.84318 0.649219 -1.1742
2.13993 1.84308 0.649984 -1.17411
2.12649 1.79814 -1.30943 -1.21486
2.10039 1.47948 -1.0765 -1.16256
2.12698 1.83664 -1.172 -1.20492
2.12901 1.82272 -1.20362 -1.21194
2.09673 1.59797 -1.06928 -1.11884
2.09568 1.53736 -0.969552 -1.08917
2.09789 1.52053 -1.39943 -1.18864
2.09886 1.5139 -1.39402 -1.19061
2.10223 1.57092 -1.22607 -1.16535
2.101 1.58129 -1.24197 -1.16556
2.10526 1.57998 -1.28732 -1.17514
2.10186 1.55607 -1.54527 -1.18487
2.09797 1.52263 -1.51576 -1.18155
2.09915 1.56638 -1.52008 -1.1834
2.10138 1.56257 -1.51743 -1.1876
2.10168 1.56606 -1.50156 -1.189
2.09568 1.6259 -1.29265 -1.17193
2.13803 1.81581 -1.39496 -1.20483
2.10144 1.58283 -1.08208 -1.1281
2.09835 1.527 -0.988897 -1.09708
2.1033 1.52116 -0.973903 -1.09798
2.10033 1.51232 -0.963348 -1.09055
2.09844 1.51174 -0.964626 -1.08867
2.09786 1.53738 -1.00644 -1.10228
2.09656 1.56922 -1.06262 -1.11739
2.09576 1.57618 -1.07587 -1.12002
2.09566 1.53198 -0.999478 -1.09744
2.0908 1.52294 -0.990404 -1.08849
2.0892 1.50933 -0.971157 -1.07966
2.08921 1.53473 -1.01125 -1.09352
2.09222 1.51696 -0.979511 -1.0864
2.09314 1.53162 -1.00182 -1.09516
2.09427 1.54573 -1.39008 -1.17178
2.09334 1.52599 -1.517 -1.17785
2.09238 1.51986 -1.54354 -1.17762
2.09149 1.5391 -1.5056 -1.17645
2.07757 1.45788 -1.44131 -1.15983
2.07813 1.47204 -1.47317 -1.16198
2.08163 1.47177 -1.47143 -1.16542
2.08858 1.473 -1.472 -1.17243
2.09138 1.43651 -1.38566 -1.17003
2.08844 1.42631 -1.36409 -1.16515
2.11398 1.25694 -0.993424 -1.12323
2.11807 1.2551 -0.984534 -1.12548
2.13888 1.34045 -1.48205 1.56745
2.27944 0.986751 -1.31418 -0.911015
2.25472 1.10412 -1.06813 -0.880978
2.26887 1.12221 -1.38696 1.56786
2.18258 1.48699 -0.255681 -0.249835
2.27416 1.59543 -0.410726 -0.0192654
2.01464 1.44657 0.0969818 0.64009
1.91572 1.25759 -0.0305591 0.486215
1.85965 1.10797 -0.50688 0.448869
1.75506 1.01166 -0.730034 0.568809
1.76993 0.934494 -0.858178 0.466072
1.98497 0.799635 -1.1313 0.349892
2.09238 0.710305 -1.4212 0.245335
2.10613 0.747278 -1.52186 0.217181
2.10227 0.72613 -1.56595 0.203315
2.0905 0.714543 -1.54072 0.209927
2.08703 0.631939 -1.48511 0.203603
2.08171 0.623508 -1.46267 0.190732
2.10153 0.596434 -1.43227 0.170948
2.10818 0.579468 -1.41972 0.162608
2.11567 0.566566 -1.37294 0.114853
2.11514 0.566825 -1.36037 0.0966398
2.124 0.567773 -1.34379 0.0718731
2.16932 0.554733 -1.30795 0.0402148
2.21439 0.556842 -1.27469 -0.0124029
2.22769 0.559929 -1.26584 -0.0261368
2.2106 0.575651 -1.2798 -0.0323371
2.19104 0.593445 -1.28759 -0.0360891
2.15613 0.621516 -1.31663 -0.0404495
2.13693 0.630179 -1.32959 -0.033061
2.12007 0.633914 -1.34638 -0.0250546
2.12547 0.637955 -1.34886 -0.0290758
2.08178 0.652501 -1.37953 -0.0107042
2.08011 0.655538 -1.37727 -0.0149239
2.07485 0.659125 -1.37672 -0.0164482
2.07277 0.660279 -1.37586 -0.0185183
2.07875 0.661194 -1.36545 -0.0247182
2.08466 0.66202 -1.35759 -0.0303541
2.12215 0.664777 -1.32143 -0.0550342
2.14049 0.66739 -1.30079 -0.0669887
2.18501 0.677202 -1.25013 -0.0962495
2.18104 0.678997 -1.24716 -0.0942135
2.18097 0.680039 -1.24006 -0.0973592
2.19746 0.681931 -1.22027 -0.110286
2.20072 0.68207 -1.19759 -0.122383
2.20353 0.67966 -1.18967 -0.125637
2.20121 0.67724 -1.18689 -0.12624
2.20076 0.673773 -1.18248 -0.127364
2.25866 0.663358 -1.15066 -0.0985631
2.25151 0.662676 -1.15032 -0.106481
2.24758 0.66083 -1.15137 -0.108478
2.24393 0.659244 -1.15224 -0.110134
2.23814 0.65696 -1.1544 -0.114692
2.23708 0.657081 -1.15446 -0.115476
2.23757 0.65888 -1.15445 -0.117899
2.23691 0.66162 -1.15281 -0.121221
2.23459 0.669437 -1.14942 -0.130195
2.2345 0.671668 -1.1493 -0.132766
2.23536 0.674707 -1.14835 -0.135605
2.23812 0.676668 -1.14753 -0.138593
2.23943 0.676646 -1.1476 -0.139342
2.24455 0.677314 -1.14469 -0.140905
2.24672 0.678044 -1.14427 -0.141892
2.2481 0.677951 -1.14461 -0.14127
2.24897 0.677092 -1.14785 -0.138025
2.24914 0.677101 -1.14779 -0.138113
2.25174 0.676577 -1.14704 -0.138026
2.25078 0.676702 -1.14823 -0.137851
2.24753 0.676552 -1.14943 -0.138078
2.24212 0.677565 -1.15243 -0.137201
2.24107 0.677123 -1.15306 -0.137111
2.23304 0.678204 -1.15716 -0.134972
2.22611 0.677508 -1.16418 -0.132485
2.22405 0.676123 -1.1678 -0.130931
2.22324 0.675041 -1.17026 -0.129802
2.21846 0.67485 -1.1736 -0.128461
2.20734 0.672648 -1.1887 -0.117805
2.20429 0.671766 -1.19165 -0.114474
2.20145 0.670417 -1.19431 -0.111443
2.19956 0.669061 -1.19651 -0.109416
2.19724 0.665384 -1.19913 -0.105304
2.19453 0.664176 -1.20288 -0.0993301
2.19314 0.66286 -1.2048 -0.0950977
2.19098 0.660822 -1.20741 -0.0916965
2.18859 0.657538 -1.20969 -0.0841582
2.1879 0.655987 -1.2109 -0.082338
2.1871 0.655306 -1.21191 -0.0811532
2.18686 0.65455 -1.2125 -0.0800892
2.18583 0.653811 -1.2137 -0.0778556
2.1854 0.653506 -1.21404 -0.0772427
2.18531 0.653404 -1.21413 -0.0770884
2.185 0.653452 -1.21467 -0.0771888
2.184 0.652762 -1.21636 -0.0795432
2.18312 0.652944 -1.21793 -0.0803325
2.1815 0.652981 -1.21943 -0.0808805
2.17945 0.653441 -1.22133 -0.0808355
2.17608 0.654649 -1.22733 -0.0786536
2.17462 0.654902 -1.22766 -0.0788076
2.17351 0.655057 -1.22777 -0.0791042
2.17276 0.655021 -1.22787 -0.0791219
2.17618 0.656411 -1.22537 -0.0809624
2.17869 0.656558 -1.22305 -0.0815134
2.18094 0.656476 -1.22041 -0.0819093
2.1864 0.655872 -1.2174 -0.0828799
2.18387 0.656818 -1.21737 -0.0779353
2.18317 0.657254 -1.2182 -0.0771401
2.18307 0.657534 -1.2188 -0.0768548
2.18202 0.657805 -1.21983 -0.0761883
2.17862 0.658438 -1.22361 -0.0755358
2.17733 0.658754 -1.22461 -0.0751427
2.1744 0.658778 -1.22729 -0.0754711
2.17046 0.659694 -1.23069 -0.0755636
2.16253 0.662986 -1.23902 -0.0758787
2.1616 0.663624 -1.24081 -0.075856
2.16101 0.664121 -1.24176 -0.0760281
2.15727 0.665258 -1.24662 -0.0738816
2.16156 0.668452 -1.25415 -0.0745165
2.28917 0.662066 -1.19232 -0.0608472
2.29521 0.664843 -1.2028 -0.0652803
2.27319 0.691396 -1.23374 -0.102672
2.27384 0.719282 -1.30588 -0.115343
2.2663 0.725725 -1.37606 -0.100247
2.24739 0.740671 -1.44382 -0.0919782
2.19155 0.763444 -1.52369 -0.0714565
1.99254 0.915428 -1.33714 0.000124174
1.94656 0.969777 -1.25515 0.0115815
1.91659 1.02252 -1.19911 0.00787954
1.85849 1.01701 -1.11127 0.0380863
1.67563 1.26792 -0.875503 0.156667
1.9125 1.30629 -0.847934 -0.10048
1.92785 1.40134 -0.811999 -0.0570829
1.95012 1.39906 -0.7237 -0.031201
1.99488 1.60176 -0.516531 -0.0250153
1.94626 1.80005 -0.41267 0.147268
1.97767 1.83676 -0.295296 0.204062
2.00061 1.86199 -0.17567 0.259565
2.06617 2.0322 0.0922219 0.275889
2.17923 1.96256 0.165806 0.234075
2.20641 2.01476 0.194881 0.267646
2.22578 2.04804 0.267399 0.282713
2.26543 2.16604 0.473869 0.248788
2.25576 2.19745 0.505514 0.282363
2.25915 2.22151 0.567191 0.291345
2.24627 2.28921 0.668031 0.303942
2.26029 2.3797 0.754943 0.375019
2.23297 2.52394 0.983941 0.515878
2.39027 2.42167 0.849078 0.243372
2.4133 1.86765 0.871563 -0.0739794
2.569 1.95422 0.981336 0.0513902
2.69185 2.08999 1.04037 0.188223
3.06888 2.25586 1.26822 0.544249
0.164791 -2.22726 -1.36583 0.805376
2.08863 2.07315 0.376912 1.09075
2.07069 1.95269 0.586908 1.28175
2.05431 1.79097 0.763391 1.19585
2.14728 1.6193 0.224675 0.925526
2.07312 1.68951 0.345139 1.14642
2.21602 1.42004 0.0649377 0.484874
2.2251 1.41482 0.0478118 0.478477
2.22518 1.41557 0.20323 0.461232
2.25052 1.39715 0.174288 0.398264
2.26794 1.38197 0.168046 0.338091
2.25957 1.40141 0.165201 0.382732
2.25093 1.41486 0.162263 0.417279
2.28011 1.434 -0.0348065 0.366813
2.27663 1.44528 -0.0360418 0.382828
2.29427 1.45704 -0.0495178 0.371305
2.36888 1.46233 -0.0868345 0.297214
2.07597 1.8434 0.0451482 0.686877
2.07346 1.91229 0.0490281 0.755746
2.03246 1.82309 0.0662655 0.664443
2.04129 1.82294 0.0617422 0.66485
2.02742 1.81061 0.0680033 0.651893
2.00592 1.81071 0.0787529 0.650575
1.98964 1.80778 0.0866413 0.64647
2.00007 1.82227 0.0822902 0.661849
2.21216 1.4014 -0.0172564 0.350896
2.22132 1.41209 -0.0219853 0.341193
2.23924 1.34252 -0.0292582 0.261334
2.23727 1.36871 -0.0269685 0.330475
2.26763 1.38761 -0.0394932 0.349778
2.23056 1.38679 -0.0279774 0.258654
2.27045 1.37011 -0.0398466 0.344307
2.29241 1.36836 -0.0489927 0.335473
2.01412 1.88117 1.54533 1.32018
2.03928 1.90694 1.5368 1.32497
2.0504 1.86529 1.52031 1.34181
2.05625 1.98527 1.36611 1.15442
2.04741 1.96789 1.4088 1.12197
2.22637 1.88237 0.691903 1.38939
2.0344 1.81231 0.917989 1.20687
2.10486 1.86979 1.05479 1.01497
2.51902 1.45866 -0.0356828 0.595252
2.61225 1.41927 -0.0847697 0.543915
2.40717 1.52084 0.279716 0.677675
2.4424 1.48232 0.202261 0.614312
1.39924 2.14521 -0.432986 0.554182
1.39605 2.11022 -0.46124 0.525432
1.4272 1.97084 -0.455804 0.390704
1.12852 1.97708 -0.479219 0.578122
1.12934 1.88596 -0.498036 0.524182
1.24706 1.82442 -0.596542 0.44311
1.21372 1.95653 -0.721592 0.77869
1.22642 1.85986 -0.626533 0.661076
1.06355 1.46302 -0.530117 0.493216
1.56794 1.31067 -0.829131 0.105668
1.50769 1.22899 -0.84439 0.210303
1.49189 1.14314 -0.773295 0.102357
1.85562 0.944496 -1.20418 0.0265156
1.90674 0.954852 -1.26074 0.0127624
1.89904 0.926674 -1.31031 0.0299629
1.95014 0.87894 -1.37102 -0.00883535
1.96425 0.84931 -1.4552 0.00628259
2.02627 0.827627 -1.5215 -0.0520288
2.04941 0.838522 -1.5477 -0.139265
2.06557 0.83744 -1.49193 -0.162362
2.21717 0.735051 -1.29186 -0.230962
2.17057 0.769723 -1.35367 -0.165566
2.16562 0.755452 -1.31105 -0.165877
2.24268 0.696637 -1.27039 -0.137113
2.22626 0.666474 -1.19087 -0.130732
2.2481 0.656114 -1.149 -0.135621
2.27414 0.641577 -1.1095 -0.138639
2.28734 0.629539 -1.07133 -0.152401
2.55154 0.63243 -0.877359 -0.166228
2.53965 0.62627 -0.86563 -0.16916
2.54758 0.616473 -0.844572 -0.170089
2.53948 0.610615 -0.839478 -0.165276
2.53049 0.582937 -0.841142 -0.151346
2.52813 0.578347 -0.84737 -0.146128
2.53021 0.577206 -0.848458 -0.14322
2.53419 0.578503 -0.848059 -0.143176
2.52449 0.581883 -0.861158 -0.142384
2.5191 0.584248 -0.868121 -0.142837
2.5152 0.584883 -0.877299 -0.143872
2.51094 0.586804 -0.886563 -0.146178
2.47313 0.593856 -0.932378 -0.146767
2.45413 0.5958 -0.949089 -0.145212
2.43215 0.597509 -0.970136 -0.139631
2.42192 0.600597 -0.983038 -0.13717
2.37896 0.608931 -1.0267 -0.126292
2.37617 0.611108 -1.0341 -0.123167
2.40441 0.615265 -1.01604 -0.137021
2.39379 0.617523 -1.03326 -0.12608
2.37344 0.62243 -1.08153 -0.0883211
2.36782 0.622715 -1.09927 -0.072793
2.36581 0.623578 -1.11033 -0.0638268
2.36189 0.625373 -1.12115 -0.0568129
2.36534 0.6278 -1.14285 -0.0357238
2.36207 0.628637 -1.153 -0.0264567
2.36333 0.628295 -1.16152 -0.0140975
2.35833 0.628478 -1.17413 -0.00024448
2.34644 0.629933 -1.20765 0.0423352
2.33876 0.630231 -1.21879 0.0578818
2.32943 0.630675 -1.23272 0.0746667
2.33116 0.630311 -1.237 0.0864713
2.32468 0.629433 -1.25898 0.124778
2.32612 0.629189 -1.26587 0.1374
2.329 0.629107 -1.26955 0.148615
2.32839 0.629521 -1.2743 0.159575
2.32933 0.630762 -1.28515 0.181797
2.33023 0.631543 -1.2924 0.198118
2.33176 0.632287 -1.29794 0.211897
2.33464 0.633941 -1.3107 0.232861
2.33842 0.638895 -1.32997 0.277317
2.33919 0.638355 -1.33297 0.289185
2.34109 0.636393 -1.33863 0.300988
2.34245 0.635987 -1.34268 0.309853
2.3462 0.635033 -1.34744 0.336112
2.34764 0.63371 -1.34888 0.346451
2.34527 0.633586 -1.35431 0.359239
2.3416 0.634324 -1.35891 0.373621
2.34077 0.633247 -1.36158 0.385822
2.3393 0.632787 -1.36801 0.409487
2.33753 0.632377 -1.36882 0.421628
2.33813 0.63277 -1.37252 0.440141
2.34389 0.632401 -1.36933 0.461713
2.34408 0.632413 -1.36963 0.470663
2.34452 0.631991 -1.36887 0.479754
2.34165 0.631679 -1.36799 0.490132
2.32684 0.629434 -1.37451 0.528008
2.31979 0.627056 -1.38026 0.540836
2.31081 0.624818 -1.38515 0.557647
2.30557 0.623393 -1.38766 0.569778
2.29701 0.617915 -1.39117 0.608763
2.29377 0.61483 -1.39421 0.621992
2.29023 0.612985 -1.38555 0.639238
2.28911 0.61088 -1.37824 0.652337
2.2801 0.603772 -1.38205 0.673248
2.27608 0.601222 -1.38411 0.681698
2.27559 0.598319 -1.38212 0.689145
2.26953 0.594824 -1.38514 0.700181
2.26551 0.589845 -1.3858 0.712832
2.26412 0.587178 -1.387 0.718156
2.26263 0.584152 -1.38849 0.723975
2.26193 0.581947 -1.38693 0.730934
2.25269 0.57259 -1.39286 0.753414
2.24775 0.569206 -1.393 0.761963
2.24311 0.565797 -1.39549 0.769681
2.24031 0.562499 -1.39393 0.7763
2.23294 0.55227 -1.39342 0.795472
2.2322 0.549247 -1.39435 0.800494
2.22939 0.546262 -1.39593 0.806496
2.22791 0.543863 -1.39574 0.81184
2.22656 0.53869 -1.39042 0.824226
2.22445 0.536193 -1.38834 0.831898
2.22259 0.533475 -1.38843 0.838429
2.22097 0.531268 -1.38593 0.844639
2.21701 0.527916 -1.38301 0.854568
2.21605 0.525189 -1.37968 0.861821
2.21556 0.523086 -1.37688 0.867617
2.21449 0.52114 -1.37682 0.873048
2.21007 0.516675 -1.37228 0.894053
2.20862 0.514652 -1.36908 0.904373
2.20588 0.513094 -1.36747 0.91402
2.20583 0.510901 -1.36438 0.921913
2.20592 0.507003 -1.35882 0.936808
2.2044 0.505294 -1.35609 0.945357
2.20328 0.502988 -1.3558 0.953048
2.20124 0.501405 -1.35415 0.961476
2.20251 0.498946 -1.34514 0.972807
2.20331 0.497377 -1.34422 0.976585
2.20368 0.496039 -1.34123 0.981533
2.20146 0.494659 -1.33865 0.98745
2.20571 0.489344 -1.32813 1.0016
2.20666 0.488042 -1.32447 1.0069
2.20681 0.485937 -1.32078 1.01313
2.20854 0.484902 -1.31566 1.01762
2.21053 0.480911 -1.30651 1.03067
2.20993 0.479628 -1.30423 1.03611
2.2098 0.478573 -1.30309 1.03979
2.21011 0.47768 -1.3014 1.04388
2.21179 0.475237 -1.29797 1.06045
2.2146 0.473627 -1.29836 1.06501
2.21448 0.473138 -1.29572 1.07035
2.21342 0.471326 -1.29721 1.0763
2.21359 0.468493 -1.30044 1.0899
2.21371 0.467783 -1.29869 1.09608
2.21134 0.466011 -1.30001 1.10339
2.21106 0.464929 -1.30206 1.10786
2.20376 0.462507 -1.30804 1.12126
2.20235 0.461788 -1.30526 1.1282
2.1973 0.459358 -1.31201 1.13643
2.19214 0.45735 -1.31811 1.1438
2.19026 0.455939 -1.31572 1.16095
2.1899 0.45562 -1.31521 1.16566
2.18903 0.454572 -1.31905 1.16693
2.191 0.454368 -1.31909 1.16573
2.22986 0.456947 -1.30004 1.13172
2.24312 0.45945 -1.29199 1.11528
2.25554 0.461556 -1.28733 1.09542
2.26766 0.465017 -1.27732 1.07352
2.28518 0.471209 -1.26447 1.02683
2.29456 0.473667 -1.26072 0.996392
2.29713 0.476705 -1.25951 0.974761
2.2973 0.477843 -1.26086 0.955278
2.29633 0.479968 -1.27005 0.896929
2.29466 0.479969 -1.27564 0.878831
2.29455 0.479991 -1.28043 0.8596
2.29404 0.480266 -1.28662 0.841032
2.29279 0.47994 -1.30403 0.785937
2.29689 0.479412 -1.30571 0.765166
2.30212 0.479278 -1.3034 0.737706
2.31248 0.479778 -1.29932 0.709412
2.29369 0.501978 -1.30116 0.667941
2.31308 0.502038 -1.29293 0.629444
2.33461 0.502254 -1.27768 0.602533
2.34595 0.502864 -1.26776 0.577972
2.35017 0.516581 -1.25822 0.513192
2.36022 0.516537 -1.25004 0.49265
2.3671 0.517018 -1.2438 0.47037
2.35178 0.525975 -1.25277 0.461857
2.35736 0.529757 -1.25178 0.409859
2.35212 0.53676 -1.25386 0.394963
2.34733 0.540768 -1.26376 0.371372
2.35799 0.536687 -1.2583 0.348535
2.37211 0.533303 -1.2563 0.308113
2.36279 0.541064 -1.26536 0.2933
2.35519 0.546463 -1.27339 0.278478
2.3505 0.55031 -1.27861 0.262283
2.36244 0.547495 -1.27723 0.216304
2.36852 0.544693 -1.27755 0.193365
2.373 0.543151 -1.27784 0.174901
2.37389 0.542107 -1.28021 0.157605
2.37192 0.541059 -1.29012 0.12646
2.36943 0.540508 -1.29352 0.111017
2.34697 0.551676 -1.31235 0.106912
2.35173 0.54901 -1.30823 0.0906201
2.34467 0.553189 -1.31738 0.054122
2.34767 0.551919 -1.31487 0.0402516
2.34733 0.55145 -1.31409 0.0215104
2.31962 0.563391 -1.33753 0.0150188
2.30464 0.568034 -1.35724 -0.0124417
2.29094 0.572866 -1.37256 -0.025926
2.29741 0.565429 -1.36846 -0.0462961
2.29244 0.561147 -1.37356 -0.0605213
2.27302 0.558096 -1.39657 -0.119423
2.24762 0.567591 -1.42093 -0.122532
2.2467 0.560457 -1.42348 -0.138794
2.23456 0.556459 -1.43288 -0.152143
2.19403 0.545451 -1.47314 -0.184941
2.18158 0.544162 -1.48368 -0.206048
2.16752 0.542038 -1.496 -0.223135
2.11229 0.556056 -1.547 -0.220075
2.06752 0.557413 -1.56835 -0.347418
2.05824 0.551925 -1.56647 -0.370288
2.05244 0.548264 -1.56926 -0.407223
2.04889 0.546089 -1.56873 -0.42319
2.03221 0.549817 -1.56061 -0.450082
2.02974 0.552969 -1.5533 -0.450947
2.00633 0.579785 -1.51757 -0.43659
1.99784 0.595506 -1.50141 -0.423991
1.99565 0.631062 -1.4489 -0.353145
2.00241 0.644579 -1.4303 -0.308545
2.02731 0.626043 -1.4399 -0.281121
2.06411 0.630019 -1.46281 -0.26323
2.09215 0.687253 -1.45227 -0.162367
2.09789 0.69823 -1.44707 -0.128503
2.12887 0.71527 -1.47454 -0.126816
2.1428 0.726447 -1.48177 -0.110086
2.16045 0.750784 -1.48085 -0.0651366
2.16483 0.757751 -1.4789 -0.0528585
2.17088 0.76492 -1.47765 -0.0407061
2.17567 0.774461 -1.47398 -0.0227077
2.18481 0.797302 -1.46175 0.017098
2.18873 0.803002 -1.44895 0.0411537
2.19031 0.808597 -1.43579 0.0707248
2.19206 0.81412 -1.43002 0.0959106
2.23372 0.79306 -1.43936 0.115469
2.24952 0.789672 -1.43966 0.135987
2.25974 0.788208 -1.4396 0.153136
2.26923 0.793938 -1.44865 0.172262
2.2938 0.800247 -1.45338 0.202882
2.29669 0.802382 -1.44842 0.220162
2.30386 0.804231 -1.445 0.249568
2.31398 0.808391 -1.44942 0.268905
2.31317 0.824738 -1.44574 0.3121
2.31594 0.822865 -1.4411 0.326714
2.3179 0.821561 -1.43858 0.337376
2.32007 0.820277 -1.43402 0.348259
2.31806 0.822686 -1.40299 0.420199
2.31767 0.822752 -1.39307 0.434014
2.31836 0.823077 -1.39841 0.432846
2.24369 0.798845 -1.2976 0.431519
2.22898 0.794051 -1.2751 0.443255
2.22651 0.792793 -1.26848 0.449939
2.22102 0.79227 -1.25667 0.464784
2.21984 0.791512 -1.2506 0.473902
2.20474 0.795511 -1.23691 0.492989
2.19661 0.795614 -1.22285 0.513086
2.17608 0.800142 -1.20284 0.535677
2.16429 0.800339 -1.18587 0.55516
2.12814 0.809347 -1.13791 0.616822
2.12319 0.809267 -1.13436 0.622381
2.11995 0.808783 -1.13052 0.629677
2.11757 0.808361 -1.12785 0.63779
2.07637 0.82199 -1.10077 0.714957
2.06669 0.825856 -1.09466 0.734875
2.06271 0.826298 -1.09115 0.747873
2.05931 0.827153 -1.08849 0.760005
2.03654 0.835773 -1.06941 0.823446
2.03166 0.838071 -1.0646 0.839494
2.01855 0.847063 -1.06268 0.873041
2.00326 0.856758 -1.06312 0.913261
1.99185 0.863153 -1.06588 0.956272
1.98099 0.869949 -1.06799 0.985142
1.97681 0.873133 -1.07431 1.00208
1.97371 0.87505 -1.07722 1.01701
1.97708 0.875552 -1.09648 1.04202
1.96847 0.882037 -1.1063 1.07107
1.96494 0.885054 -1.11447 1.08768
1.9614 0.886978 -1.12029 1.10272
1.94519 0.900262 -1.15848 1.18506
1.94402 0.900968 -1.15663 1.19788
1.9423 0.902362 -1.17086 1.20886
1.94327 0.902975 -1.16881 1.21803
2.82814 1.31065 -0.595247 1.25115
1.9459 0.908755 -1.04203 1.29313
2.81894 1.32305 -0.564955 1.26492
1.94802 0.909991 -1.04252 1.29269
2.69479 1.32303 -0.302696 1.30224
1.9531 0.911892 -1.01829 1.28754
2.69443 1.32535 -0.385489 1.28726
1.97093 0.912735 -0.989026 1.1952
2.66156 1.30409 -0.366028 1.17258
1.98539 0.915693 -1.01535 1.16458
2.66639 1.30877 -0.440373 1.01249
1.98837 0.916224 -1.00744 1.14696
2.70316 1.28899 -0.406983 0.827004
2.01264 0.915346 -0.989304 1.05081
2.70438 1.26151 -0.387779 0.742927
2.0035 0.921557 -0.980436 1.05834
2.66972 1.21992 -0.299501 0.580112
1.99463 0.932386 -0.95584 1.05099
2.71713 1.09808 -0.322116 0.37612
1.99418 0.934933 -0.944348 1.0443
2.60012 1.44183 -0.192054 0.7943
2.00191 0.943465 -0.920528 1.01131
2.61414 1.29532 -0.251803 0.765858
2.01337 0.944706 -0.921472 0.988154
2.7045 2.32407 -0.851043 1.09316
2.22038 0.914336 -1.09119 0.748372
2.09971 0.941529 -1.12945 0.884188
2.10008 0.94124 -0.954362 0.79449
2.13006 0.930846 -1.0586 0.85421
2.14096 0.93021 -0.638758 0.71151
2.14743 0.932464 -0.767879 0.630819
2.14895 0.932814 -0.86554 0.712452
2.15936 0.946296 -0.79078 0.628692
2.22447 0.938889 -0.882039 0.622679
2.20623 0.948792 -0.84035 0.634203
2.20043 0.953349 -0.85481 0.640101
2.19188 0.965875 -0.854072 0.651197
2.18957 0.968035 -0.851085 0.653142
2.18824 0.9708 -0.849359 0.654397
2.18638 0.975255 -0.846368 0.65578
2.1812 0.981855 -0.815924 0.641372
2.17961 0.982655 -0.800976 0.634397
2.17793 0.983839 -0.811942 0.678784
2.17362 0.988876 -0.808468 0.683993
2.18022 0.978677 -0.798794 0.674717
2.18201 0.974818 -0.794518 0.675102
2.18434 0.96843 -0.785271 0.669592
2.18552 0.964813 -0.766915 0.654069
2.1846 0.963426 -0.74945 0.635397
2.17613 0.965976 -0.72972 0.635335
2.17577 0.964031 -0.690937 0.490796
2.17071 0.963258 -0.681539 0.486397
2.166 0.960204 -0.673919 0.472619
2.16573 0.955733 -0.662642 0.466619
2.16543 0.95117 -0.645915 0.437952
2.15984 0.95021 -0.63497 0.424691
2.14815 0.945242 -0.610808 0.395104
2.14294 0.942572 -0.601825 0.38314
2.1357 0.938425 -0.586569 0.372815
2.13129 0.934093 -0.594134 0.362695
2.10589 0.92985 -0.5978 0.360463
2.09508 0.925023 -0.579769 0.345672
2.07635 0.927734 -0.557179 0.347933
2.06446 0.926676 -0.548448 0.340144
2.03395 0.919029 -0.548355 0.305137
2.01661 0.922552 -0.535895 0.28478
2.00496 0.926628 -0.547017 0.282175
1.98868 0.928642 -0.535948 0.251501
1.94913 0.949404 -0.507277 0.206424
1.93217 0.957761 -0.494599 0.215486
1.93002 0.956767 -0.500896 0.207345
1.92721 0.955154 -0.510512 0.194597
1.91904 0.949194 -0.515472 0.174953
1.91612 0.947293 -0.535742 0.157143
1.90995 0.947298 -0.535438 0.155068
1.89825 0.956439 -0.596191 0.142028
1.89891 0.955632 -0.643167 0.101262
1.89961 0.954301 -0.661078 0.087481
1.90032 0.95333 -0.696867 0.0664629
1.90247 0.948533 -0.703834 0.0519011
1.91079 0.925269 -0.733263 -0.00659977
1.91036 0.917407 -0.742474 -0.0258636
1.91166 0.906066 -0.75361 -0.0484363
1.90944 0.89444 -0.76166 -0.0637004
1.90077 0.871206 -0.77938 -0.0880113
1.89645 0.866231 -0.781484 -0.0936825
1.90136 0.857367 -0.787822 -0.101879
1.90388 0.849999 -0.79478 -0.108417
1.90255 0.839005 -0.80531 -0.121466
1.87163 0.845421 -0.784884 -0.0971616
1.80476 0.764965 -0.758998 -0.123669
1.80516 0.755701 -0.772465 -0.134608
1.78012 0.757688 -0.774093 -0.135296
1.77991 0.755557 -0.786087 -0.146076
1.7723 0.756102 -0.789139 -0.147023
1.76405 0.755983 -0.790853 -0.146755
1.73767 0.753496 -0.80176 -0.146886
1.7651 0.761602 -0.825826 -0.162071
1.78725 0.767629 -0.852959 -0.176471
1.79684 0.769812 -0.865725 -0.18736
1.77777 0.767732 -0.871746 -0.193619
1.77028 0.767128 -0.875431 -0.20205
1.74756 0.769452 -0.860713 -0.19614
1.72366 0.772771 -0.856242 -0.193732
1.6842 0.782623 -0.853621 -0.19756
1.67637 0.785652 -0.856364 -0.203818
1.72684 0.81976 -0.885418 -0.219617
1.70748 0.820812 -0.876658 -0.222723
1.70231 0.8353 -0.89275 -0.279521
1.7067 0.841577 -0.891781 -0.306448
1.70652 0.845142 -0.891491 -0.312422
1.70219 0.850389 -0.888905 -0.309339
1.65227 0.841552 -0.861316 -0.31915
1.64303 0.839828 -0.860273 -0.313107
1.66241 0.847687 -0.868264 -0.319037
1.67319 0.851563 -0.874327 -0.319864
1.68984 0.852544 -0.893669 -0.30318
1.69686 0.854247 -0.916889 -0.245138
1.70679 0.850909 -0.916936 -0.235105
1.68438 0.837188 -0.903423 -0.210439
1.73035 0.835897 -0.921461 -0.158858
1.72646 0.829864 -0.925892 -0.107977
1.7324 0.814694 -0.930044 -0.0851503
1.73869 0.803079 -0.935608 -0.0641164
1.74895 0.770534 -0.951296 -0.0172899
1.75953 0.765601 -0.964473 -0.00199374
1.76212 0.756933 -0.973544 0.0257502
1.76376 0.746959 -0.979769 0.0425353
1.77453 0.724904 -1.00157 0.089256
1.78015 0.715355 -1.03035 0.142714
1.78375 0.707653 -1.03597 0.153397
1.79027 0.706854 -1.04751 0.173614
1.81165 0.690552 -1.07587 0.205186
1.83114 0.685823 -1.10021 0.218046
1.84173 0.677353 -1.11572 0.236501
1.85744 0.676113 -1.13502 0.250227
1.90299 0.661883 -1.19126 0.292744
1.91108 0.657966 -1.20377 0.307847
1.91522 0.653024 -1.21315 0.325983
1.90887 0.643445 -1.21207 0.346717
1.89191 0.621167 -1.21301 0.409455
1.89378 0.62344 -1.22299 0.430901
1.8919 0.623275 -1.22831 0.448712
1.89044 0.623988 -1.23464 0.464572
1.88374 0.621759 -1.23311 0.492641
1.8814 0.620364 -1.23558 0.510567
1.88135 0.620136 -1.23984 0.52111
1.87992 0.619473 -1.24281 0.533147
1.86656 0.61888 -1.25047 0.580743
1.861 0.618981 -1.2523 0.594777
1.85725 0.618108 -1.25555 0.608906
1.8537 0.618233 -1.25974 0.623337
1.85106 0.618547 -1.27203 0.64361
1.83156 0.616609 -1.28241 0.687062
1.82328 0.614534 -1.28724 0.707009
1.80951 0.611936 -1.28046 0.726259
1.7699 0.606292 -1.26828 0.774303
1.75837 0.603717 -1.27073 0.788065
1.74597 0.601078 -1.26406 0.800825
1.7328 0.599544 -1.25503 0.813727
1.70432 0.593196 -1.23492 0.841814
1.68187 0.58931 -1.21349 0.859459
1.65628 0.585831 -1.19701 0.878232
1.64488 0.583566 -1.19621 0.889079
1.61356 0.577747 -1.19699 0.91357
1.606 0.576182 -1.20326 0.917718
1.60092 0.573443 -1.20768 0.919567
1.59941 0.570772 -1.21788 0.918429
1.6021 0.562016 -1.22985 0.906461
1.60874 0.556662 -1.24395 0.893868
1.61742 0.550863 -1.25162 0.879429
1.63155 0.543193 -1.26608 0.85909
1.66605 0.523559 -1.31985 0.792485
1.6787 0.515668 -1.34171 0.766815
1.68619 0.509728 -1.35206 0.746747
1.69045 0.503274 -1.36139 0.72401
1.69009 0.49227 -1.38616 0.659707
1.68807 0.485648 -1.38535 0.637743
1.6821 0.481154 -1.38368 0.616467
1.6795 0.47771 -1.3885 0.593375
1.67489 0.460425 -1.39289 0.528758
1.66862 0.455923 -1.3932 0.509596
1.64321 0.445978 -1.36475 0.4994
1.62935 0.441567 -1.35469 0.483326
1.58123 0.410003 -1.31225 0.439108
1.56135 0.390082 -1.29056 0.426338
1.53733 0.375232 -1.26927 0.410928
1.51161 0.361396 -1.24178 0.399982
1.45843 0.334212 -1.19878 0.364358
1.44994 0.324334 -1.19335 0.352193
1.44719 0.315093 -1.19958 0.335665
1.44126 0.305709 -1.19564 0.320761
1.45628 0.297641 -1.24269 0.275624
1.47419 0.289189 -1.2638 0.258442
1.48895 0.284426 -1.28299 0.247506
1.51027 0.272571 -1.30408 0.235822
1.56754 0.252491 -1.38643 0.19436
1.61356 0.229224 -1.45556 0.164792
1.67055 0.216282 -1.51675 0.146721
1.69482 0.208038 -1.54331 0.137456
1.82944 0.180521 -1.44932 0.0995011
1.86403 0.173396 -1.41202 0.0902196
1.91484 0.165091 -1.36309 0.081202
1.96376 0.159307 -1.31355 0.0764265
2.06121 0.14698 -1.21014 0.0688872
2.10737 0.142897 -1.15665 0.0649345
2.15615 0.139388 -1.10536 0.0586533
2.20968 0.134654 -1.05208 0.0535161
2.19435 0.15891 -1.05723 0.0433273
2.21607 0.162534 -1.03299 0.0380931
2.25239 0.163356 -0.996686 0.0330135
2.285 0.163653 -0.965533 0.0288425
2.35618 0.163113 -0.890526 0.0204356
2.37382 0.163592 -0.86979 0.0199477
2.40114 0.162993 -0.841651 0.0207769
2.41619 0.163693 -0.823791 0.021396
2.47151 0.163403 -0.768064 0.0189512
2.49705 0.163309 -0.743085 0.0178327
2.50176 0.163517 -0.736931 0.0173046
2.51252 0.163748 -0.725697 0.0163055
2.54541 0.164162 -0.692644 0.014823
2.55024 0.164667 -0.688248 0.0142811
2.56028 0.165258 -0.679353 0.0133352
2.56057 0.165843 -0.679172 0.0120845
2.56434 0.168848 -0.677688 0.00599089
2.56347 0.17118 -0.680346 0.00298224
2.55628 0.175336 -0.692921 -0.0040075
2.53254 0.180185 -0.724407 -0.0103567
2.40635 0.204658 -0.873937 -0.0273763
2.32123 0.225551 -0.984558 -0.0351538
2.1908 0.265291 -1.12243 -0.0433732
2.09078 0.312642 -1.23768 -0.0685761
1.96617 0.43413 -1.41859 -0.128043
1.98362 0.467871 -1.44428 -0.20251
1.9226 0.532254 -1.51507 -0.26441
1.87867 0.585842 -1.45877 -0.224221
1.7259 0.865056 -1.24015 -0.357879
1.69634 0.993897 -1.19194 -0.468653
1.66031 1.07559 -1.0494 -0.301524
1.68991 1.08133 -1.06205 -0.556551
1.7528 1.28331 -0.758228 -0.538788
1.77841 1.35928 -0.699389 -0.568903
1.84806 1.52445 -0.566644 -0.400851
1.8552 1.58814 -0.586355 -0.527446
1.88322 1.73044 -0.362851 -0.470946
1.88615 1.79835 -0.320242 -0.489388
1.88881 1.92265 -0.141732 -0.170759
1.97461 2.12577 -0.133986 -0.127952
2.05643 2.18888 0.144912 -0.140809
2.02691 2.2767 0.245045 0.15393
2.02926 2.28643 0.333318 0.168921
2.04521 2.31308 0.386872 0.427978
2.15926 2.42037 0.493915 0.771413
2.04033 2.46546 1.16732 0.998968
2.12009 2.40566 1.14835 0.823829
2.49894 2.27679 -0.0190917 0.956292
1.62182 1.96772 0.218732 0.729355
1.63888 1.98602 0.218567 0.768155
1.60589 1.91061 0.783945 1.07411
1.82394 1.80797 0.581841 0.996944
2.00061 1.57586 0.324125 1.12936
1.88515 1.76092 0.412507 0.98694
2.20878 1.45538 -0.291369 0.499616
2.22386 1.45868 -0.281073 0.482526
2.14448 1.50033 -0.229634 0.366712
2.1146 1.51123 -0.21801 0.37489
2.11566 1.453 -0.214843 0.317436
2.10176 1.45367 -0.208887 0.321089
2.02372 2.11154 -0.0948497 0.711216
1.84412 1.50064 -0.0284329 0.26078
1.84912 1.51682 -0.0358363 0.292884
1.84243 1.53629 -0.238666 0.233361
1.84146 1.53481 -1.44691 1.57015
1.84098 1.53393 -1.42053 1.57015
1.84097 1.53391 -1.41983 1.57015
1.84097 1.53391 -1.41991 1.57011
1.84097 1.53382 -1.41711 1.57025
1.84111 1.53369 -1.41246 1.57025
1.84116 1.53395 -1.42043 1.57015
1.8412 1.53391 -1.4193 1.57015
1.84152 1.53555 -0.336656 0.416581
1.81384 1.2711 -0.258105 0.660055
2.17755 1.11348 -0.419215 0.0095174
2.17797 1.1136 -0.415103 0.063632
2.39823 0.898283 -0.519292 -0.31264
2.39959 0.898149 -0.518973 -0.311016
2.40221 0.897578 -0.519419 -0.312113
2.40366 0.893281 -0.520293 -0.317202
2.42403 0.883762 -0.52881 -0.336145
2.42525 0.885237 -0.528552 -0.331052
2.374 0.98049 -0.488266 -0.0924751
2.44065 0.896659 -0.530484 -0.309776
2.4505 0.892328 -0.534281 -0.312667
2.45665 0.886113 -0.537969 -0.327883
2.46716 0.878951 -0.544443 -0.364578
2.05134 1.04799 -0.336355 0.809727
2.05106 1.0556 -0.335547 0.827585
2.05265 1.05293 -0.336284 0.823428
2.05304 1.05288 -0.336404 0.823781
2.05348 1.05267 -0.336557 0.823758
