4.27677 3.40891 -1.65003 1.46127 -2.61382 -1.53963 -1.60117 
3.24094 2.52726 -1.21167 1.06834 -1.90505 -1.40517 -1.07179 
2.89483 2.2351 -1.06666 0.942109 -1.35365 -0.945487 -0.772027 
2.71401 2.09531 -0.990621 0.892431 -1.26009 -0.470315 -0.22918 
2.60749 2.01052 -0.946885 0.858872 -1.31995 -0.342495 0.0641319 
2.51991 1.9674 -0.926084 0.829717 -0.969314 -0.274088 -0.190572 
2.45733 1.9367 -0.910537 0.809815 -1.03341 -0.319128 0.0264874 
2.41234 1.91313 -0.899175 0.794224 -1.06261 -0.452665 -0.0325814 
2.38855 1.88423 -0.882505 0.782214 -1.09978 -0.459002 -0.163544 
2.36841 1.86212 -0.870658 0.777163 -0.834083 -0.383115 -0.29321 
2.35169 1.84424 -0.860254 0.77128 -0.629005 -0.330842 -0.385636 
2.33913 1.82754 -0.852521 0.766579 -0.701612 -0.34393 -0.224147 
2.32067 1.82099 -0.852228 0.762782 -0.701612 -0.34393 -0.224147 
2.30501 1.81535 -0.849805 0.757313 -0.701612 -0.34393 -0.224147 
2.29503 1.80752 -0.845202 0.760167 -0.701612 -0.34393 -0.224147 
2.28769 1.79884 -0.840152 0.758614 -0.701612 -0.34393 -0.224147 
2.27685 1.79561 -0.842631 0.75724 -0.701612 -0.34393 -0.224147 
2.26705 1.79275 -0.844843 0.756958 -0.730661 -0.238249 -0.267586 
2.25771 1.79041 -0.846503 0.757622 -0.730661 -0.238249 -0.267586 
2.25421 1.78388 -0.842924 0.755514 -0.730661 -0.238249 -0.267586 
2.25058 1.77836 -0.839148 0.754579 -0.730661 -0.238249 -0.267586 
2.24751 1.77308 -0.835765 0.753183 -0.754288 -0.279592 -0.294722 
2.24495 1.7677 -0.832202 0.750906 -0.777834 -0.205477 -0.341343 
2.24193 1.76356 -0.829045 0.750771 -0.799076 -0.246372 -0.35458 
2.2401 1.75868 -0.82614 0.748302 -0.817918 -0.282904 -0.387364 
2.23838 1.75423 -0.823506 0.746193 -0.729177 -0.255774 -0.365701 
2.23493 1.75203 -0.821373 0.748554 -0.750918 -0.196549 -0.39055 
2.23231 1.74937 -0.819816 0.749527 -0.74641 -0.184712 -0.413826 
2.23046 1.74629 -0.818197 0.748983 -0.74641 -0.184712 -0.413826 
2.22833 1.74386 -0.816658 0.749318 -0.764833 -0.133367 -0.36448 
2.22678 1.74119 -0.815119 0.748607 -0.783666 -0.0796425 -0.401763 
2.22509 1.73902 -0.813833 0.748597 -0.783666 -0.0796425 -0.401763 
2.22236 1.73803 -0.812672 0.750912 -0.801291 -0.0405107 -0.405743 
2.22125 1.73569 -0.811485 0.749761 -0.756488 -0.0370628 -0.41142 
2.2203 1.7333 -0.810218 0.748445 -0.773218 0.00453009 -0.412081 
2.21951 1.73087 -0.808527 0.746637 -0.789939 -0.0277905 -0.415762 
2.21836 1.72912 -0.807362 0.746284 -0.789939 -0.0277905 -0.415762 
2.21744 1.7273 -0.806238 0.745571 -0.730167 -0.0146795 -0.38813 
2.21628 1.72579 -0.805085 0.745553 -0.749745 -0.0225603 -0.387964 
2.2152 1.72418 -0.803895 0.74544 -0.745607 -0.017378 -0.371023 
2.21358 1.72295 -0.802727 0.746434 -0.757739 0.0173775 -0.393075 
2.21218 1.7209 -0.801737 0.742073 -0.757739 0.0173775 -0.393075 
2.20817 1.71994 -0.798805 0.741537 -0.757739 0.0173775 -0.393075 
2.2041 1.71907 -0.796082 0.741261 -0.71389 0.0290091 -0.371423 
2.19936 1.7182 -0.792645 0.741381 -0.71389 0.0290091 -0.371423 
2.19443 1.71729 -0.788519 0.742314 -0.698834 0.0359979 -0.38285 
2.18942 1.71655 -0.784318 0.743133 -0.698834 0.0359979 -0.38285 
2.18435 1.71527 -0.779306 0.74302 -0.698834 0.0359979 -0.38285 
2.18079 1.71309 -0.775006 0.741211 -0.698834 0.0359979 -0.38285 
2.13389 1.6768 -0.755482 0.723152 -0.654492 0.0470354 -0.379085 
2.13232 1.67279 -0.748927 0.718362 -0.635089 0.0863107 -0.389189 
2.13086 1.66984 -0.745585 0.714097 -0.596374 0.122788 -0.385346 
2.12869 1.66787 -0.741478 0.710519 -0.608052 0.140871 -0.40551 
2.12671 1.66498 -0.737097 0.705234 -0.605527 0.138182 -0.45477 
2.1239 1.66225 -0.731632 0.700643 -0.604572 0.103811 -0.506298 
2.12034 1.66007 -0.722212 0.701444 -0.63234 0.104528 -0.487142 
2.11653 1.65783 -0.712463 0.702101 -0.616627 0.118406 -0.523462 
2.11262 1.65573 -0.703024 0.701645 -0.596067 0.165572 -0.495016 
2.10899 1.65341 -0.698285 0.699363 -0.580044 0.179078 -0.480691 
2.10277 1.65329 -0.689872 0.701714 -0.589258 0.204326 -0.46202 
2.09672 1.65298 -0.681389 0.7016 -0.599827 0.227706 -0.438738 
2.09073 1.65289 -0.673145 0.700964 -0.557704 0.261332 -0.455096 
2.08676 1.65093 -0.664278 0.703489 -0.530618 0.252746 -0.436538 
2.08279 1.64902 -0.656105 0.70667 -0.527199 0.264679 -0.440786 
2.07785 1.64822 -0.64842 0.708055 -0.49698 0.296469 -0.45731 
2.07263 1.64774 -0.641273 0.710242 -0.492888 0.309277 -0.461974 
2.06839 1.64601 -0.630478 0.712163 -0.488713 0.322341 -0.46673 
2.06442 1.64426 -0.62025 0.715294 -0.446636 0.313486 -0.476605 
2.06071 1.6424 -0.609575 0.714911 -0.440955 0.32452 -0.480785 
2.05476 1.64245 -0.600744 0.717308 -0.435161 0.335776 -0.485049 
2.04966 1.64243 -0.592863 0.719528 -0.404091 0.366193 -0.471864 
2.04499 1.64244 -0.585253 0.722207 -0.387163 0.396473 -0.464009 
2.04439 1.63939 -0.581897 0.717773 -0.368989 0.375901 -0.445949 
2.04293 1.63591 -0.578172 0.711739 -0.312653 0.428468 -0.406278 
2.03776 1.63655 -0.572115 0.71396 -0.312185 0.476099 -0.372925 
2.0363 1.63681 -0.570015 0.710718 -0.348216 0.477172 -0.383901 
2.03665 1.63545 -0.568087 0.704302 -0.345139 0.420134 -0.394078 
2.03641 1.63475 -0.566084 0.698673 -0.35655 0.387621 -0.389396 
2.03571 1.63451 -0.564333 0.693875 -0.348753 0.399068 -0.388908 
2.03487 1.63389 -0.562548 0.688517 -0.329746 0.379937 -0.418016 
2.03501 1.63311 -0.561975 0.682514 -0.301128 0.356672 -0.410181 
2.03753 1.63096 -0.562249 0.674 -0.258057 0.369227 -0.397554 
2.04021 1.62806 -0.561845 0.664429 -0.214021 0.350385 -0.392562 
2.042 1.6261 -0.561606 0.656998 -0.232742 0.355859 -0.388438 
2.04351 1.62502 -0.561762 0.6496 -0.230524 0.296266 -0.400334 
2.04486 1.62381 -0.562247 0.642819 -0.228717 0.290043 -0.404718 
2.04667 1.62223 -0.562755 0.634842 -0.200135 0.294997 -0.40381 
2.04627 1.62162 -0.562251 0.630989 -0.221789 0.292602 -0.400626 
2.04605 1.62119 -0.561632 0.626774 -0.222418 0.284655 -0.416705 
2.04585 1.62105 -0.56047 0.624123 -0.235113 0.300853 -0.431288 
2.05916 1.61059 -0.561914 0.605551 -0.214506 0.241652 -0.416114 
2.07283 1.59965 -0.562577 0.590677 -0.20463 0.209948 -0.43026 
2.09083 1.5861 -0.565972 0.568648 -0.193568 0.213799 -0.431004 
2.11021 1.57241 -0.567759 0.550663 -0.220871 0.207492 -0.450816 
2.12911 1.55843 -0.569139 0.532518 -0.176988 0.189065 -0.473381 
2.14902 1.54401 -0.571681 0.512625 -0.180101 0.185837 -0.464907 
2.16831 1.52909 -0.572882 0.49264 -0.169727 0.188833 -0.466548 
2.19061 1.51399 -0.576493 0.47102 -0.153153 0.218957 -0.436038 
2.20968 1.49842 -0.578113 0.450623 -0.142239 0.222617 -0.437102 
2.22789 1.48498 -0.57883 0.433497 -0.148942 0.217697 -0.429412 
2.24765 1.47233 -0.580404 0.417241 -0.145554 0.211183 -0.408412 
2.26424 1.46055 -0.579671 0.402951 -0.163255 0.204343 -0.409575 
2.282 1.44996 -0.579949 0.390257 -0.149825 0.190869 -0.394153 
2.29956 1.43836 -0.581147 0.375486 -0.135758 0.178272 -0.380764 
2.31688 1.42627 -0.583014 0.360688 -0.108242 0.212833 -0.361598 
2.33773 1.41215 -0.590019 0.341711 -0.098315 0.215013 -0.358704 
2.35905 1.39795 -0.598553 0.321411 -0.0876345 0.217223 -0.356135 
2.38045 1.38371 -0.607131 0.301937 -0.0846081 0.20215 -0.382783 
2.39865 1.37194 -0.613507 0.282521 -0.0743789 0.202881 -0.380538 
2.42136 1.3585 -0.624294 0.257069 -0.0977975 0.175693 -0.377616 
2.44371 1.34388 -0.635471 0.233758 -0.0847545 0.154789 -0.400944 
2.46689 1.32985 -0.646912 0.210391 -0.0985663 0.134017 -0.423649 
2.48859 1.31515 -0.656961 0.180927 -0.113591 0.152162 -0.446198 
2.51018 1.30027 -0.66684 0.15135 -0.105251 0.15015 -0.446391 
2.53271 1.28558 -0.676776 0.123055 -0.123542 0.128242 -0.434311 
2.55502 1.27146 -0.686168 0.0964464 -0.114767 0.151835 -0.420511 
2.57822 1.25706 -0.697341 0.069647 -0.107204 0.148686 -0.419682 
2.59998 1.24242 -0.707214 0.0419521 -0.126936 0.129349 -0.39808 
2.6223 1.22812 -0.718357 0.0177437 -0.120542 0.125666 -0.39651 
2.64655 1.21221 -0.730782 -0.0103891 -0.114134 0.121689 -0.394824 
2.60868 1.16156 -0.703662 -0.0398666 -0.132874 0.0984701 -0.410554 
2.63245 1.14547 -0.71531 -0.0695719 -0.12745 0.0931156 -0.409328 
2.64976 1.13194 -0.721484 -0.0910466 -0.122255 0.0870485 -0.408235 
2.66934 1.11956 -0.728392 -0.111825 -0.155284 0.0599616 -0.442889 
2.69317 1.10394 -0.737513 -0.140371 -0.133455 0.0367232 -0.461617 
2.71155 1.08815 -0.741763 -0.163032 -0.12988 0.0279357 -0.463391 
2.72861 1.0731 -0.745412 -0.184556 -0.121108 0.0498763 -0.454956 
2.74768 1.05828 -0.749862 -0.206633 -0.0696002 0.0583658 -0.456221 
2.76685 1.04316 -0.754431 -0.228624 -0.0820745 0.0708817 -0.425362 
2.78664 1.02768 -0.759373 -0.250712 -0.0602919 0.057673 -0.448585 
2.80435 1.0121 -0.764184 -0.274372 -0.0631418 0.0514487 -0.434988 
2.82013 0.998467 -0.767907 -0.294887 -0.0909143 0.00908642 -0.430956 
2.83489 0.984266 -0.772037 -0.315109 -0.1043 -0.00886448 -0.4463 
2.84903 0.970209 -0.776228 -0.334514 -0.102106 -0.0160495 -0.447375 
2.86363 0.956015 -0.781066 -0.352607 -0.0795243 0.0148478 -0.435735 
2.87705 0.942701 -0.784399 -0.372646 -0.0398189 0.037198 -0.422095 
2.88853 0.93189 -0.786232 -0.389809 -0.0330891 0.0225713 -0.433199 
2.8995 0.922194 -0.78908 -0.408289 -0.0417245 0.0160091 -0.457731 
2.91034 0.912135 -0.791107 -0.428897 -0.0120557 0.030717 -0.443174 
2.92101 0.901946 -0.794133 -0.452667 0.0162358 -0.0164388 -0.403141 
2.91832 0.902188 -0.794374 -0.458814 0.00994466 0.0108625 -0.419447 
2.90182 0.914683 -0.792919 -0.447581 0.0154219 0.0424363 -0.405828 
2.88319 0.929281 -0.789651 -0.43431 0.019823 0.039086 -0.40534 
2.86309 0.944075 -0.787831 -0.424538 0.0240908 0.0355918 -0.404826 
2.84408 0.959316 -0.787102 -0.414039 -0.00503284 0.0541503 -0.38293 
2.82435 0.975072 -0.786403 -0.402278 -0.0188497 0.0752797 -0.38512 
2.80546 0.991225 -0.78746 -0.390036 -0.0347996 0.042412 -0.398495 
2.78388 1.00812 -0.787182 -0.372438 -0.0559219 0.0306178 -0.451656 
2.76429 1.02643 -0.788559 -0.354687 -0.0246559 0.0367265 -0.437084 
2.74539 1.04359 -0.791502 -0.337867 0.00803623 0.0455381 -0.40198 
2.72559 1.06014 -0.794264 -0.321538 0.039527 0.0557532 -0.414766 
2.70781 1.07638 -0.799852 -0.308285 0.0724998 0.0679049 -0.433789 
2.68976 1.09062 -0.805444 -0.298381 0.097294 0.0838087 -0.403002 
2.6724 1.1064 -0.811029 -0.286185 0.0739887 0.0974282 -0.420806 
2.65604 1.12301 -0.81714 -0.274132 0.0501313 0.116667 -0.442156 
2.63918 1.13963 -0.821059 -0.26589 0.073035 0.121065 -0.463401 
2.62274 1.15701 -0.824238 -0.250132 0.100125 0.129783 -0.477741 
2.60726 1.17483 -0.827795 -0.235982 0.0704754 0.11162 -0.498245 
2.59311 1.19263 -0.830529 -0.218857 0.073577 0.109809 -0.500554 
2.57759 1.21025 -0.832949 -0.208151 0.0905736 0.101298 -0.513533 
2.56262 1.23046 -0.836031 -0.197903 0.0871496 0.114236 -0.461136 
2.54621 1.25045 -0.838019 -0.187943 0.116658 0.13626 -0.429588 
2.53095 1.27122 -0.839973 -0.175569 0.146437 0.15754 -0.396402 
2.51574 1.29205 -0.842019 -0.15396 0.151638 0.157648 -0.395406 
2.49943 1.31246 -0.843332 -0.134531 0.156776 0.157798 -0.394386 
2.48231 1.33231 -0.841896 -0.119754 0.1387 0.102644 -0.422843 
2.46511 1.35225 -0.839349 -0.099603 0.123047 0.070854 -0.432689 
2.44968 1.37246 -0.838052 -0.0809328 0.0960392 0.0538536 -0.442701 
2.43432 1.39209 -0.835813 -0.0648634 0.0871053 0.0284393 -0.455872 
2.41736 1.41268 -0.831867 -0.0439331 0.0912582 0.0264948 -0.45706 
2.46146 1.46829 -0.866709 -0.0216403 0.0953661 0.0245909 -0.458304 
2.44316 1.48964 -0.861991 -0.000572567 0.125706 0.015349 -0.450293 
2.42639 1.51198 -0.858352 0.0213072 0.118197 0.00875199 -0.438749 
2.40708 1.53329 -0.853397 0.0460857 0.123006 0.00718606 -0.439359 
2.38641 1.55498 -0.851884 0.0803326 0.128572 0.00613055 -0.439288 
2.36693 1.57641 -0.848192 0.0985713 0.133812 0.0055187 -0.438842 
2.34651 1.59614 -0.843102 0.116839 0.150963 0.0138606 -0.425144 
2.32396 1.61506 -0.836864 0.13493 0.105566 0.017883 -0.386572 
2.30102 1.63407 -0.830398 0.153461 0.127282 -0.00202767 -0.417374 
2.27716 1.65304 -0.823219 0.171422 0.0880729 -0.013229 -0.393411 
2.25391 1.67212 -0.813694 0.194788 0.075655 -0.0280056 -0.37193 
2.23019 1.69041 -0.804009 0.21704 0.0775424 0.00283526 -0.387991 
2.20819 1.70924 -0.793855 0.23934 0.0757492 0.0154501 -0.374737 
2.18681 1.72805 -0.782238 0.262695 0.0793502 0.0159364 -0.373306 
2.16482 1.74617 -0.768404 0.28509 0.0829793 0.0165761 -0.371825 
2.14399 1.76363 -0.75685 0.308468 0.0473849 -0.00583683 -0.338829 
2.12486 1.77849 -0.746437 0.329116 0.0288195 0.00427535 -0.327095 
2.1083 1.79134 -0.736231 0.347269 0.00850593 -0.0191143 -0.292604 
2.09209 1.8039 -0.72707 0.367246 -0.0218868 -0.00743754 -0.304182 
2.07603 1.81642 -0.717726 0.389038 -0.0556999 0.0230864 -0.343372 
2.06056 1.82846 -0.709773 0.408493 -0.0192447 0.0105988 -0.30463 
2.05861 1.82946 -0.705094 0.411324 0.00893555 -0.00619414 -0.325746 
2.05698 1.83031 -0.702679 0.415569 0.032333 0.0107324 -0.296595 
2.05619 1.83123 -0.702054 0.418719 0.0527981 -0.00651738 -0.302151 
2.05591 1.83219 -0.702631 0.420681 0.0766824 -0.00116183 -0.276843 
2.05653 1.8331 -0.703855 0.42151 0.0955727 -0.0260957 -0.270722 
2.05758 1.83419 -0.705903 0.419833 0.13493 0.0315555 -0.235538 
2.059 1.83577 -0.708923 0.414349 0.173217 0.0432796 -0.186634 
2.06092 1.83833 -0.712301 0.407717 0.167159 0.024312 -0.207822 
2.06474 1.84022 -0.715506 0.406627 0.161081 0.0282286 -0.236645 
2.06859 1.84269 -0.720021 0.398351 0.15643 0.0437265 -0.217907 
2.07155 1.84611 -0.723606 0.392 0.129497 0.0282258 -0.195074 
2.0745 1.84967 -0.724394 0.385934 0.134037 -0.0188463 -0.210395 
2.07749 1.8533 -0.723759 0.379341 0.129051 -0.0575564 -0.175819 
2.08021 1.8564 -0.721385 0.373658 0.136273 -0.0891099 -0.123483 
2.08268 1.85915 -0.718755 0.371312 0.11826 -0.099546 -0.0974759 
2.08409 1.86138 -0.715499 0.371832 0.0955007 -0.114555 -0.0779114 
2.08355 1.8631 -0.710799 0.374425 0.128814 -0.103028 -0.0518432 
2.08327 1.86294 -0.704855 0.377338 0.12998 -0.107321 -0.0429152 
2.08255 1.86221 -0.698012 0.385105 0.117071 -0.105014 -0.0231838 
2.08151 1.86004 -0.69143 0.386931 0.0919271 -0.126366 -0.0498007 
2.08055 1.85761 -0.684873 0.389594 0.0913048 -0.14125 -0.0990496 
2.0799 1.85481 -0.677261 0.402037 0.0653225 -0.168036 -0.125744 
2.07922 1.85214 -0.669532 0.40562 0.0637002 -0.174548 -0.120331 
2.07853 1.85101 -0.664773 0.406721 0.0619415 -0.181191 -0.114829 
2.07655 1.85054 -0.660835 0.41322 0.0824208 -0.159184 -0.0933226 
2.07604 1.84829 -0.657832 0.415814 0.102018 -0.133615 -0.0769326 
2.07589 1.84706 -0.657192 0.416839 0.13321 -0.12226 -0.0600655 
2.0744 1.84506 -0.654117 0.421896 0.147347 -0.101878 -0.0401344 
2.07282 1.84364 -0.651442 0.423705 0.148551 -0.104485 -0.0318196 
2.07162 1.842 -0.648598 0.426464 0.149697 -0.107104 -0.0233148 
2.07075 1.83992 -0.646104 0.430285 0.125009 -0.101974 -0.0235816 
2.07071 1.83754 -0.643974 0.432713 0.137567 -0.0992784 -0.0274108 
2.07186 1.83554 -0.643289 0.432968 0.137954 -0.101439 -0.019184 
2.0736 1.83239 -0.639052 0.423935 0.138253 -0.103612 -0.0107805 
2.07577 1.83013 -0.637839 0.430495 0.138447 -0.105806 -0.00221036 
2.0794 1.82939 -0.63889 0.433701 0.13854 -0.108033 0.00652226 
2.08349 1.82866 -0.639829 0.439111 0.159105 -0.0928907 -0.0144911 
2.08798 1.82807 -0.640255 0.446006 0.167638 -0.113804 -0.0380829 
2.0932 1.828 -0.64125 0.452106 0.195393 -0.0996516 -0.0318062 
2.0986 1.82839 -0.643623 0.454945 0.212924 -0.0880215 -0.0449521 
2.10396 1.82913 -0.647248 0.460877 0.21567 -0.0892218 -0.0384125 
2.1095 1.82931 -0.650705 0.463223 0.218432 -0.091063 -0.0314209 
2.11493 1.82941 -0.655532 0.463559 0.221286 -0.0931933 -0.0245546 
2.12051 1.8298 -0.661292 0.464059 0.224125 -0.0953758 -0.0175796 
2.12622 1.83016 -0.666653 0.466158 0.245889 -0.0970008 -0.0200842 
2.13214 1.83009 -0.671679 0.468937 0.265248 -0.0815198 -0.0361187 
2.13792 1.83038 -0.677211 0.469646 0.291528 -0.060212 -0.0626678 
2.14406 1.83032 -0.682394 0.471866 0.322816 -0.102322 -0.0133343 
2.14987 1.83072 -0.68744 0.474063 0.321532 -0.121644 0.00425854 
2.15554 1.8312 -0.690974 0.473883 0.302053 -0.107842 -0.00776308 
2.16101 1.83172 -0.69347 0.474482 0.279715 -0.0934231 0.021587 
2.1662 1.83227 -0.694571 0.476648 0.261603 -0.113067 0.000984771 
2.17077 1.83282 -0.694299 0.478998 0.245973 -0.0988601 0.0146663 
2.17518 1.83315 -0.692999 0.482001 0.226527 -0.106905 -0.00225176 
2.17864 1.83378 -0.690818 0.486188 0.229524 -0.10902 0.00324006 
2.18171 1.8342 -0.688187 0.492337 0.214309 -0.1397 -0.00920565 
2.1843 1.83408 -0.684417 0.500105 0.198833 -0.173268 -0.0279853 
2.18658 1.83234 -0.679667 0.506251 0.180665 -0.168254 -0.0132084 
2.18491 1.83411 -0.676242 0.509257 0.144671 -0.193623 -0.00991872 
2.18445 1.83277 -0.668862 0.520383 0.139038 -0.206989 -0.028054 
2.18369 1.83071 -0.66087 0.531388 0.125485 -0.177614 -0.0406923 
2.18278 1.82836 -0.655631 0.543171 0.101926 -0.154085 -0.0487803 
2.18173 1.82606 -0.651796 0.556385 0.135251 -0.135893 -0.0586455 
2.181 1.82343 -0.649115 0.567507 0.157307 -0.129862 -0.0831884 
2.18024 1.82093 -0.646699 0.578159 0.157728 -0.130677 -0.0823825 
2.17979 1.81847 -0.645098 0.578551 0.158517 -0.1313 -0.0820806 
2.17997 1.81613 -0.64418 0.579337 0.159777 -0.131634 -0.082164 
2.17947 1.81511 -0.644149 0.578998 0.160397 -0.132207 -0.0827704 
2.17893 1.81418 -0.645371 0.570641 0.155506 -0.126289 -0.0973084 
2.17793 1.8134 -0.645323 0.569201 0.156275 -0.126714 -0.0987909 
2.17811 1.81114 -0.645408 0.568472 0.0996672 -0.111288 -0.0600361 
2.1742 1.81406 -0.649368 0.562603 0.0674365 -0.105871 -0.0457446 
2.17003 1.81731 -0.651361 0.572047 0.0674788 -0.104628 -0.0441446 
2.16629 1.81914 -0.652798 0.584153 0.0655668 -0.120557 -0.0139228 
2.16427 1.82057 -0.655661 0.593871 0.0656393 -0.119345 -0.0119046 
2.1609 1.82347 -0.657744 0.602744 0.0653037 -0.118548 -0.0102763 
2.15665 1.82534 -0.657802 0.612851 0.0888096 -0.107697 -0.00418433 
2.15291 1.82846 -0.660856 0.621848 0.0879216 -0.107406 -0.0030667 
2.15213 1.82957 -0.665769 0.620226 0.0867331 -0.107517 -0.00232535 
2.1536 1.82585 -0.666291 0.618175 0.0854967 -0.107577 -0.00173546 
2.1479 1.83002 -0.665159 0.631109 0.0842127 -0.107587 -0.00130388 
2.1442 1.8331 -0.669506 0.625005 0.0833968 -0.107699 -0.000858321 
2.14037 1.83574 -0.672547 0.618479 0.097085 -0.125819 0.0116158 
2.1363 1.83863 -0.675664 0.612438 0.119005 -0.142642 0.0156026 
2.13235 1.84134 -0.678834 0.606468 0.11862 -0.143423 0.0161303 
2.12804 1.84435 -0.681314 0.604071 0.118223 -0.144175 0.0164971 
2.12761 1.84491 -0.684179 0.594601 0.0881286 -0.127593 -0.0046585 
2.12766 1.84518 -0.688546 0.592997 0.0792462 -0.109589 0.0265715 
2.12775 1.84536 -0.692559 0.591717 0.0774783 -0.109505 0.0278646 
2.12958 1.8415 -0.693297 0.591041 0.0751201 -0.109702 0.029058 
2.12978 1.84138 -0.696471 0.588469 0.072364 -0.110135 0.0305382 
2.12974 1.84187 -0.700742 0.587957 0.0694979 -0.110554 0.0319173 
2.1297 1.84235 -0.70481 0.587464 0.0665192 -0.110943 0.033184 
2.1299 1.84261 -0.709305 0.58607 0.0634238 -0.111298 0.0343388 
2.13009 1.84296 -0.713212 0.585101 0.0645136 -0.0824332 0.00617004 
2.13019 1.84379 -0.717576 0.581993 0.0454969 -0.0994462 0.0291046 
2.13046 1.84427 -0.720921 0.581501 0.0411019 -0.0998047 0.030409 
2.13019 1.84534 -0.724401 0.581031 0.0418631 -0.0716881 0.00241607 
2.13004 1.84611 -0.727752 0.581075 0.0738844 -0.0570599 -0.00718248 
2.12962 1.84703 -0.731479 0.583923 0.0689314 -0.0557683 -0.0074113 
2.12922 1.84789 -0.735334 0.586111 0.064269 -0.0547268 -0.00740426 
2.12905 1.84848 -0.739752 0.584754 0.0599601 -0.0539529 -0.00798409 
2.12902 1.84895 -0.743491 0.583588 0.0559272 -0.0527706 -0.00816346 
2.12882 1.84944 -0.747267 0.581557 0.0521263 -0.0518488 -0.00862006 
2.12884 1.84962 -0.750823 0.579581 0.0486383 -0.0507477 -0.00874743 
2.12891 1.84984 -0.75422 0.568591 0.0175027 -0.073737 0.0119623 
2.12904 1.85007 -0.757306 0.55688 -0.0135361 -0.0504552 0.012377 
2.12881 1.85108 -0.760606 0.54834 -0.0177835 -0.0479989 0.0131842 
2.13056 1.84921 -0.761146 0.536951 -0.0338644 -0.0265235 0.015819 
2.13066 1.84993 -0.765299 0.533532 -0.0527705 -0.0437557 0.0369072 
2.13068 1.85081 -0.769082 0.531012 -0.0109679 -0.0963096 0.0236473 
2.1306 1.85163 -0.772656 0.528241 -0.0136969 -0.0946835 0.0249341 
2.13064 1.85216 -0.776007 0.525616 -0.0160094 -0.0934955 0.0264084 
2.13054 1.8531 -0.779688 0.522769 -0.0190346 -0.0926475 0.0281095 
2.13046 1.85412 -0.783053 0.521024 -0.0225614 -0.0919032 0.0303354 
2.13055 1.85496 -0.786117 0.519656 -0.0261672 -0.0911277 0.0325898 
2.1307 1.85573 -0.788912 0.509424 -0.0596012 -0.0838094 0.00894484 
2.13064 1.85684 -0.790909 0.499033 -0.0921656 -0.0620465 -0.00798469 
2.13079 1.85784 -0.791704 0.498597 -0.118211 -0.0484105 -0.0236304 
2.13146 1.8588 -0.793858 0.498713 -0.144807 -0.0662596 -0.039174 
2.13104 1.86145 -0.795051 0.497758 -0.118286 -0.0932455 -0.0529921 
2.13484 1.85902 -0.794784 0.502105 -0.0902475 -0.0977019 -0.0663624 
2.13898 1.85615 -0.796602 0.491225 -0.0934012 -0.0975385 -0.0667748 
2.14254 1.85327 -0.796853 0.4813 -0.0946313 -0.0800688 -0.0959255 
2.14645 1.85048 -0.797908 0.472157 -0.0978353 -0.079259 -0.0975656 
2.15016 1.84774 -0.799499 0.46269 -0.101105 -0.0784573 -0.0992788 
2.15356 1.84522 -0.80095 0.444526 -0.15107 -0.0777404 -0.119398 
