0.0239618	-0.0179517	-0.112813
-0.012316	0.0229366	-0.140863
0.0247613	0.00301337	-0.050041
0.0227041	0.0123296	-0.0464902
0.0304922	0.000622034	-0.0568447
0.0280025	-0.000134945	-0.0609803
0.028917	-0.00279737	-0.0626925
0.030311	-0.00170016	-0.0642442
0.0288322	-0.0032711	-0.0651707
0.0615836	-0.00472379	-0.0420302
0.0619082	-0.00638843	-0.0400445
0.0634971	-0.00935817	-0.0355745
0.0638808	-0.0101163	-0.0347121
0.063886	-0.0101635	-0.0346711
0.063882	-0.0105376	-0.0343366
0.0638933	-0.0105038	-0.0343703
-0.372938	0.0889931	0.0233211
-0.319005	0.186955	0.0795696
-0.374039	0.0959489	0.0611723
-0.282727	0.18303	0.0660689
-0.364428	0.121734	0.0693885
-0.293019	0.216256	0.0295201
-0.349261	0.161622	0.0725269
-0.308349	0.222497	0.0276007
-0.327906	0.201498	0.0679077
-0.276909	0.232486	0.010686
-0.321799	0.238902	0.0817219
-0.262198	0.237035	-0.000916004
-0.292817	0.27425	0.115305
-0.259688	0.244611	-0.0120879
-0.18277	0.324574	0.16259
-0.259213	0.244526	-0.0140287
-0.10405	0.334111	0.178996
-0.267376	0.245112	-0.00539345
-0.0291797	0.289074	0.193553
-0.273052	0.247583	-0.00649875
0.0494521	0.306603	0.19816
-0.290001	0.24743	-0.00155985
0.0967536	0.266982	0.198554
-0.292231	0.242915	0.00201923
0.0775227	0.239681	0.210341
-0.295622	0.230779	0.011565
0.0700803	0.240519	0.215591
-0.29074	0.212884	0.0328982
0.0588121	0.242635	0.227637
-0.282918	0.200973	0.0421136
0.0675256	0.241194	0.23372
-0.285607	0.200578	0.0429961
0.0791818	0.238713	0.232359
-0.286245	0.201122	0.0419043
0.0944965	0.235286	0.211586
-0.286996	0.199867	0.0431733
0.0973895	0.235774	0.206183
-0.286388	0.197567	0.0460823
0.0960055	0.234438	0.206411
-0.286698	0.196524	0.0436716
0.0944772	0.226131	0.20453
-0.284939	0.194232	0.0489047
0.0843014	0.248297	0.219214
-0.284762	0.192717	0.0492709
0.0769352	0.257023	0.21731
-0.284358	0.194339	0.047304
0.0886678	0.265545	0.220475
-0.280536	0.191882	0.0474001
0.0977678	0.262443	0.217596
-0.281742	0.191711	0.0490651
0.102029	0.257485	0.216107
-0.280749	0.190892	0.0505401
0.0995963	0.249591	0.214851
-0.28163	0.193868	0.0463459
0.0899625	0.243097	0.21688
-0.281567	0.190967	0.0476629
0.0815408	0.237784	0.213406
-0.281002	0.190408	0.0492506
0.0793713	0.234224	0.212705
-0.279818	0.191822	0.0452164
0.0816621	0.233142	0.214508
-0.276703	0.190995	0.045583
0.0822745	0.231385	0.216745
-0.279044	0.194357	0.0429712
0.0823956	0.230561	0.217047
-0.281135	0.198141	0.0437757
0.0884005	0.232491	0.214916
-0.280361	0.200189	0.043354
0.0892532	0.232888	0.214295
-0.28115	0.203601	0.0402909
0.090144	0.233521	0.213546
-0.280814	0.202593	0.0409245
0.0856832	0.234251	0.213653
-0.2825	0.201487	0.0436495
0.084813	0.233135	0.213783
-0.285148	0.199714	0.0387958
0.0827335	0.232843	0.214429
-0.289411	0.192341	0.0411441
0.0830959	0.233008	0.214872
-0.289411	0.192111	0.0416685
0.085647	0.232366	0.214778
-0.287705	0.198842	0.0399486
0.0897624	0.232082	0.214874
-0.287518	0.198351	0.0401959
0.0906703	0.231636	0.215036
-0.290114	0.201362	0.0255787
0.0934938	0.230804	0.215783
-0.289005	0.200425	0.0176755
0.0959918	0.227983	0.215548
-0.249884	0.195235	-0.0417458
0.121967	0.223971	0.246158
-0.22728	0.189911	-0.0709028
0.127167	0.221396	0.256975
-0.292754	0.200373	-0.0531548
0.126934	0.220944	0.255784
-0.310586	0.168489	0.0341914
0.125856	0.221216	0.253353
-0.345237	0.0275717	0.0393938
0.124918	0.222075	0.25176
-0.17571	0.0624189	-0.212114
0.124412	0.222333	0.250731
-0.175073	0.0621445	-0.211666
0.122084	0.223791	0.248334
0.120333	0.225225	0.24672
0.119559	0.226385	0.245559
0.118675	0.227359	0.244612
0.11819	0.227983	0.243929
0.117677	0.228729	0.243479
0.116697	0.23034	0.242379
0.116362	0.230826	0.241881
0.114646	0.231028	0.241507
0.113347	0.231178	0.241162
0.110464	0.231188	0.240285
0.11011	0.231419	0.240234
0.110332	0.231617	0.240242
0.110547	0.232128	0.240371
0.111042	0.232775	0.24008
0.110912	0.232953	0.239837
0.110907	0.233036	0.239782
0.110715	0.233603	0.239918
0.109897	0.234186	0.239782
0.109693	0.234312	0.239521
0.109676	0.234542	0.23975
0.108167	0.23458	0.239439
0.107442	0.23466	0.239049
0.106694	0.2344	0.23855
0.106779	0.234473	0.238274
0.107213	0.234558	0.237915
0.106792	0.235217	0.236866
0.105717	0.235581	0.236359
0.104833	0.235749	0.235856
0.104539	0.236094	0.235157
0.102484	0.236439	0.233574
0.102715	0.236991	0.233125
0.102281	0.237105	0.232912
0.102706	0.237578	0.232814
0.101609	0.237545	0.232285
0.101248	0.23751	0.23209
0.100906	0.237354	0.231595
0.100586	0.237457	0.231667
0.0997765	0.238002	0.232466
0.0992015	0.238163	0.233019
0.0990761	0.238051	0.233117
0.0990509	0.238005	0.233304
0.0976258	0.238354	0.23438
0.0970123	0.238547	0.234631
0.0968826	0.238384	0.234562
0.0967929	0.238492	0.234648
0.0963296	0.238378	0.234725
0.096323	0.238233	0.234688
0.0963778	0.238107	0.234577
0.0963161	0.23796	0.234396
0.0954984	0.238269	0.234936
0.0955202	0.238017	0.234747
0.0954628	0.237963	0.234924
0.0952607	0.237535	0.234814
0.0943758	0.237285	0.235488
0.0935676	0.237166	0.23573
0.0926993	0.237508	0.23607
0.0926108	0.237711	0.2362
0.0922763	0.238153	0.236111
0.0916065	0.238786	0.236087
0.0911825	0.239696	0.236019
0.0905551	0.240665	0.235684
0.0893848	0.242537	0.235258
0.0891545	0.243217	0.235336
0.0889562	0.244713	0.23575
0.0888536	0.245027	0.236012
0.0887371	0.245908	0.23611
0.0882929	0.246086	0.236074
0.0880158	0.246284	0.236197
0.0883403	0.249436	0.233058
0.0878947	0.248567	0.233691
0.0876512	0.248476	0.234613
0.0868053	0.248628	0.235189
0.086385	0.248628	0.235403
0.0861578	0.250092	0.234027
0.0860867	0.251854	0.232598
0.0863918	0.253784	0.231727
0.0865312	0.253007	0.232484
0.0866227	0.254221	0.232067
0.0863202	0.255201	0.231556
0.0860931	0.254149	0.232825
0.0857625	0.255797	0.232356
0.0841474	0.257402	0.23167
0.0835149	0.258141	0.231342
0.0833734	0.25861	0.231202
0.0824392	0.259329	0.230881
0.0806065	0.260447	0.230491
0.080545	0.259093	0.23123
0.0803571	0.259823	0.230737
0.0803558	0.260027	0.230533
0.0792423	0.26091	0.229792
0.0785778	0.261395	0.229483
0.0777811	0.261827	0.229271
0.0769857	0.262036	0.229195
0.0759034	0.259117	0.230683
0.0749721	0.25853	0.23124
0.0747341	0.257615	0.231723
0.0745387	0.256553	0.232585
0.0738686	0.257684	0.232033
0.0738182	0.257142	0.232322
0.0731165	0.259928	0.230859
0.0726213	0.26103	0.230272
0.0720846	0.262206	0.229553
0.0716129	0.262787	0.22901
0.071357	0.261502	0.229974
0.071189	0.260646	0.230358
0.0691585	0.262465	0.228921
0.0684878	0.262104	0.22906
0.0681464	0.261566	0.229491
0.0670403	0.260714	0.229669
0.0653758	0.260133	0.229463
0.0645713	0.261808	0.228168
0.0642588	0.26159	0.228188
0.0633929	0.261323	0.228083
0.0620235	0.263342	0.226613
0.0618858	0.263131	0.2268
0.0607933	0.264418	0.226403
0.0605932	0.263942	0.226933
0.0594988	0.264661	0.227253
0.0588753	0.265854	0.226605
0.0582655	0.266907	0.226205
0.0577311	0.267829	0.225652
0.0564364	0.268858	0.225477
0.0554701	0.270393	0.224568
0.0548308	0.271383	0.223987
0.054087	0.272332	0.223571
0.0530759	0.273369	0.22325
0.0525998	0.274055	0.223487
0.0523869	0.274506	0.2234
0.0521695	0.274847	0.223505
0.0511304	0.273379	0.225354
0.0507618	0.273829	0.225613
0.0504636	0.27413	0.225773
0.0500371	0.274408	0.226223
0.0496085	0.269788	0.231214
0.0493152	0.269516	0.232187
0.0485795	0.268818	0.233493
0.0483017	0.268283	0.233998
0.0344903	0.261687	0.231063
0.0379635	0.264405	0.232401
0.0401141	0.265973	0.233792
0.0408616	0.267623	0.234255
0.0365036	0.26895	0.234241
0.0343431	0.269223	0.234199
0.0207539	0.266703	0.232782
0.0142703	0.265589	0.232001
0.00774014	0.26512	0.231493
0.00719717	0.265346	0.231689
0.00585717	0.265695	0.23185
0.000327379	0.263992	0.231162
-0.00386676	0.264374	0.230409
-0.00633076	0.264676	0.229779
-0.00641969	0.265056	0.229521
-0.00914726	0.265091	0.228287
-0.0103102	0.267062	0.226959
-0.0125377	0.266581	0.226086
-0.0119393	0.267209	0.226032
-0.0123248	0.267403	0.225916
-0.0154052	0.266271	0.225058
-0.0165091	0.266136	0.224791
-0.016951	0.266403	0.224712
-0.0195643	0.26551	0.223886
-0.0149199	0.272066	0.226432
-0.0204788	0.267986	0.224228
-0.0155855	0.273483	0.227127
-0.0194885	0.269115	0.224891
-0.0226627	0.266165	0.223907
-0.0226951	0.266037	0.223998
-0.0236231	0.265143	0.223752
-0.0236149	0.265177	0.223701
-0.0234225	0.265511	0.223541
-0.0235224	0.265269	0.223499
-0.023784	0.265466	0.2232
-0.0236946	0.265561	0.223106
-0.0234511	0.26579	0.223032
-0.0233536	0.265553	0.222927
-0.0211664	0.266199	0.222999
-0.0198506	0.266682	0.223257
-0.0214888	0.26574	0.223298
-0.0217107	0.265589	0.223289
-0.0220368	0.265354	0.223092
-0.0220363	0.265575	0.22315
-0.0224491	0.268789	0.220723
-0.022698	0.26823	0.220987
-0.0230125	0.267992	0.221013
-0.022993	0.269979	0.21973
-0.0132878	0.28101	0.221673
-0.018105	0.276855	0.220076
-0.0195902	0.27615	0.219452
-0.0201834	0.276054	0.218813
-0.0217867	0.275267	0.21784
-0.022163	0.275156	0.217578
-0.0222138	0.275257	0.217438
-0.0222148	0.27533	0.2174
-0.0223433	0.274513	0.218006
-0.0106366	0.282624	0.223198
-0.0167252	0.277963	0.220067
-0.017272	0.277804	0.219297
-0.0134734	0.281536	0.219315
-0.014367	0.280608	0.218331
-0.0151615	0.278142	0.21864
-0.015283	0.278408	0.217996
-0.00425068	0.284989	0.222295
-0.00468308	0.284632	0.221958
-0.00489756	0.283335	0.222434
-0.00206	0.28667	0.222685
-0.000164688	0.288332	0.221607
-0.000878572	0.287857	0.220496
-0.00144702	0.286146	0.220157
0.00184715	0.289576	0.220388
0.00289544	0.291238	0.219708
0.00309068	0.291564	0.219609
0.00111809	0.289237	0.219477
0.000852495	0.288416	0.219949
-0.00207773	0.28581	0.218716
-0.00218818	0.286272	0.218357
-0.00161088	0.28775	0.217867
-0.00293246	0.28599	0.218161
-0.00219554	0.28654	0.219343
-0.000838161	0.289111	0.219474
-0.000206172	0.290237	0.219636
-0.00154671	0.287407	0.219074
-0.000797391	0.29022	0.218937
-0.00196886	0.289512	0.218029
-0.00258094	0.289234	0.217518
-0.00300786	0.288852	0.217247
-0.00233659	0.289832	0.219184
-0.00207222	0.291166	0.219275
-0.00234881	0.291083	0.218598
-0.00119042	0.293278	0.219678
-0.00183648	0.292588	0.217981
-0.00285435	0.289897	0.21914
-0.0028325	0.288949	0.219445
-0.00334802	0.288565	0.219405
-0.00368854	0.289171	0.219286
-0.00372258	0.289624	0.218865
-0.00399312	0.290051	0.218086
-0.00335529	0.289324	0.21847
-0.00164184	0.28951	0.221267
-0.00128281	0.291824	0.220516
-0.00235349	0.291258	0.219437
-0.00254831	0.290341	0.219977
-0.00483268	0.289824	0.219565
-0.00570089	0.290395	0.218443
-0.00606686	0.290758	0.218198
-0.00694045	0.291525	0.217893
-0.00903541	0.297724	0.22395
-0.0101834	0.303149	0.228739
-0.0108657	0.30136	0.230339
-0.0116887	0.307139	0.237144
-0.0149248	0.308318	0.240882
-0.0166774	0.307329	0.245378
-0.017465	0.307045	0.247409
-0.0197702	0.307888	0.250315
-0.0242081	0.306542	0.257711
-0.0308838	0.303949	0.260706
-0.0313644	0.304884	0.263578
-0.0312286	0.310318	0.272936
-0.0390666	0.304105	0.276104
-0.038801	0.305617	0.28127
-0.0393142	0.305622	0.282155
-0.0403616	0.305908	0.284763
-0.0413465	0.307115	0.288562
-0.0409163	0.307883	0.292174
-0.0413834	0.307483	0.292774
-0.0417938	0.307263	0.294672
-0.0435915	0.306187	0.298844
-0.0436033	0.306473	0.300085
-0.0451052	0.307101	0.29927
-0.0454334	0.306797	0.301268
-0.0466281	0.306466	0.304796
-0.0479729	0.30568	0.307268
-0.0494784	0.304874	0.309837
-0.049928	0.306291	0.309911
-0.0537958	0.303477	0.315419
-0.0552061	0.302766	0.317775
-0.0558043	0.302603	0.318815
-0.0576061	0.301394	0.320681
-0.0623479	0.301039	0.320022
-0.0640527	0.299883	0.321163
-0.0657619	0.298221	0.321571
-0.0663072	0.297784	0.321895
-0.067506	0.298844	0.326448
-0.0684766	0.297812	0.3275
-0.0698692	0.296793	0.328138
-0.0704661	0.296536	0.33002
-0.0725202	0.295884	0.330686
-0.0735509	0.296835	0.330342
-0.0743158	0.296118	0.331009
-0.0748762	0.296997	0.331504
-0.077284	0.297096	0.335997
-0.0780239	0.297626	0.337436
-0.0785758	0.297922	0.338442
-0.0790576	0.298215	0.33863
-0.0821368	0.296725	0.342148
-0.083536	0.29654	0.342736
-0.0844174	0.297036	0.34405
-0.0848942	0.296638	0.344933
-0.0880448	0.296939	0.347208
-0.0898924	0.295768	0.34828
-0.0914169	0.294088	0.349817
-0.0921266	0.293202	0.35023
-0.0953801	0.292653	0.349867
-0.0968169	0.291789	0.350343
-0.0984727	0.290595	0.350756
-0.100343	0.289963	0.350773
-0.105507	0.286294	0.348555
-0.107776	0.283829	0.348441
-0.110999	0.280739	0.346744
-0.113139	0.280758	0.346569
-0.116287	0.279008	0.346875
-0.119053	0.276021	0.34575
-0.120692	0.275003	0.345985
-0.122356	0.274974	0.345928
-0.12489	0.275183	0.345075
-0.126057	0.274886	0.345165
-0.126717	0.274914	0.344711
-0.127955	0.274253	0.344873
-0.130856	0.272126	0.345645
-0.131477	0.272358	0.345059
-0.132757	0.271714	0.344797
-0.134206	0.27043	0.344766
-0.136278	0.269357	0.345488
-0.137635	0.269552	0.345536
-0.138537	0.269873	0.345039
-0.14013	0.269691	0.34486
-0.143468	0.268038	0.345927
-0.145114	0.266943	0.346737
-0.14667	0.266887	0.346997
-0.149028	0.266595	0.348194
-0.152334	0.264453	0.350097
-0.15582	0.263733	0.351924
-0.157944	0.264191	0.352792
-0.159984	0.265442	0.357174
-0.16231	0.261433	0.35645
-0.164384	0.260414	0.358409
-0.164991	0.259625	0.357766
-0.166252	0.260195	0.359694
-0.167301	0.257633	0.357017
-0.167706	0.256653	0.355921
-0.167987	0.256237	0.355469
-0.170234	0.258303	0.360578
-0.171832	0.255704	0.357093
-0.173469	0.257157	0.360166
-0.174236	0.255665	0.35821
-0.174598	0.254304	0.356347
-0.176262	0.255438	0.35996
-0.176235	0.25408	0.357932
-0.176187	0.255344	0.360276
-0.175692	0.256422	0.361293
-0.172102	0.256725	0.355473
-0.170428	0.256969	0.353316
-0.16841	0.259516	0.354158
-0.167003	0.263581	0.351464
-0.165837	0.263593	0.349819
-0.165624	0.263355	0.347371
-0.165654	0.263226	0.346378
-0.165812	0.266214	0.34598
-0.165988	0.266796	0.345472
-0.166186	0.266466	0.346153
-0.166027	0.268972	0.345362
-0.166177	0.269148	0.344738
-0.16638	0.267615	0.345348
-0.166135	0.267477	0.345678
-0.165425	0.269945	0.344982
-0.164321	0.269774	0.345745
-0.161888	0.270353	0.346682
-0.160447	0.270505	0.34498
-0.160134	0.27092	0.344952
-0.159499	0.272043	0.345123
-0.157307	0.278633	0.341543
-0.154613	0.280472	0.339186
-0.153416	0.282279	0.338268
-0.151093	0.283546	0.338151
-0.144312	0.286986	0.333794
-0.14185	0.287271	0.332186
-0.13943	0.290434	0.329927
-0.137757	0.29396	0.328673
-0.134574	0.299613	0.327494
-0.134154	0.300365	0.327015
-0.132719	0.30225	0.325574
-0.130754	0.303016	0.327097
-0.125749	0.305572	0.321394
-0.123938	0.306901	0.320063
-0.121804	0.306995	0.318569
-0.119538	0.310084	0.315063
-0.115992	0.310837	0.299309
-0.113764	0.301498	0.277792
-0.112389	0.300154	0.273621
-0.10843	0.300956	0.268802
-0.0989955	0.301116	0.258096
-0.0916959	0.303543	0.254502
-0.0895043	0.297311	0.247037
-0.0854116	0.300604	0.246961
-0.0720316	0.301871	0.239742
-0.0696348	0.300992	0.237732
-0.0659053	0.298973	0.234731
-0.0626722	0.297938	0.231901
-0.0576568	0.290115	0.223624
-0.0559594	0.287646	0.220329
-0.0553796	0.286736	0.219084
-0.0547172	0.284308	0.216511
-0.0516	0.278563	0.209508
-0.05119	0.278103	0.20847
-0.04974	0.276804	0.205672
-0.0477103	0.276345	0.202917
-0.0449041	0.275276	0.198592
-0.0435364	0.274681	0.196706
-0.0426768	0.273681	0.194942
-0.0418487	0.273431	0.193879
-0.0392499	0.273199	0.1908
-0.0378124	0.272958	0.189064
-0.0369426	0.271763	0.188388
-0.0364031	0.271782	0.187367
-0.0355334	0.272289	0.186229
-0.0350231	0.272741	0.185647
-0.0344318	0.272665	0.185379
-0.0340691	0.273133	0.184926
-0.0340183	0.27329	0.184618
-0.0337425	0.273572	0.184275
-0.0336407	0.273719	0.184064
-0.0335769	0.273803	0.183943
-0.0331678	0.273417	0.183711
-0.0329497	0.273589	0.183469
-0.0327017	0.273831	0.183238
-0.0326552	0.273827	0.182948
-0.0326666	0.27389	0.182425
-0.0343849	0.271603	0.181466
-0.035592	0.269053	0.180761
-0.0360573	0.268687	0.180453
-0.0350819	0.26869	0.180363
-0.0354341	0.268037	0.179164
-0.0349255	0.267415	0.179106
-0.0363158	0.264958	0.177401
-0.0367312	0.263031	0.175453
-0.0360116	0.26262	0.173744
-0.0356173	0.262633	0.173184
-0.0312502	0.267721	0.173865
-0.0341639	0.261298	0.17018
-0.0286907	0.268229	0.172142
-0.0334669	0.261918	0.169448
-0.0291035	0.267515	0.170817
-0.0327576	0.261839	0.16845
-0.0304009	0.265388	0.168913
-0.0325668	0.26262	0.167434
-0.0326665	0.262809	0.16711
-0.0296544	0.267126	0.168275
-0.0332118	0.262392	0.166468
-0.0326153	0.263332	0.166734
-0.0324092	0.263592	0.166768
-0.0334512	0.262238	0.166131
-0.0321684	0.264035	0.166729
-0.0321511	0.264094	0.16671
-0.0337157	0.262016	0.165965
-0.0339098	0.261814	0.165966
-0.0320639	0.264204	0.166695
-0.0320936	0.26425	0.16668
-0.0321495	0.264391	0.166498
-0.0318698	0.265081	0.166372
-0.0328723	0.262184	0.164632
-0.0320338	0.2621	0.164026
-0.0313231	0.261625	0.163265
-0.0300378	0.261214	0.161915
-0.0286462	0.260798	0.161035
-0.0273188	0.260564	0.160164
-0.0267791	0.260725	0.159241
-0.0076946	0.27232	0.151077
-0.0122142	0.267384	0.149524
-0.0105022	0.268631	0.148283
-0.0119817	0.275437	0.134343
-0.00801677	0.268014	0.144432
-0.00705469	0.268388	0.144082
-0.00556937	0.268995	0.142825
-0.00457212	0.269322	0.142271
0.000564069	0.2681	0.136538
-0.000450999	0.266602	0.138705
-0.000452608	0.266633	0.13854
0.000224859	0.266999	0.138101
0.00104606	0.267503	0.137184
0.00150976	0.26795	0.136501
0.0020918	0.268332	0.135874
0.00272337	0.268529	0.135044
0.00650826	0.270962	0.131534
0.00829372	0.271641	0.130227
0.0088504	0.271863	0.129624
0.00988495	0.272071	0.128596
0.0116012	0.272113	0.126567
0.0120124	0.271705	0.125892
0.0124503	0.271469	0.125066
0.0125552	0.271368	0.124698
0.0132971	0.271052	0.123223
0.0137891	0.27065	0.122283
0.0140117	0.270372	0.121731
0.014081	0.270269	0.121523
0.0144682	0.269119	0.120071
0.0146537	0.268931	0.119731
0.0148283	0.268445	0.119287
0.0150472	0.268168	0.119006
0.0159272	0.266476	0.117258
0.0160241	0.266031	0.11658
0.0159846	0.265894	0.116348
0.0161775	0.2651	0.115531
0.0165594	0.264286	0.114302
0.0169954	0.263562	0.11352
0.0171074	0.263191	0.113217
0.0171845	0.26285	0.112988
0.0176236	0.26232	0.112587
0.0179234	0.261736	0.112446
0.0180817	0.261447	0.112351
0.0182896	0.260966	0.11209
0.0184869	0.260565	0.111949
0.0185067	0.260547	0.111952
0.018524	0.260414	0.111935
0.0186002	0.260174	0.111859
0.0188138	0.259432	0.111609
0.018903	0.259318	0.111496
0.0191409	0.259062	0.111246
0.0193889	0.258724	0.110985
0.0205218	0.257906	0.110829
0.0210222	0.257455	0.111077
0.0220151	0.256847	0.111499
0.0225904	0.256031	0.112082
0.0231346	0.255212	0.11229
0.0234904	0.254136	0.112322
0.0238652	0.253555	0.112302
0.024327	0.252749	0.112124
0.0258176	0.25039	0.111669
0.0272776	0.248651	0.11143
0.0281671	0.247624	0.111322
0.0292433	0.246274	0.111149
0.0309061	0.243329	0.11101
0.0314042	0.242363	0.111441
0.0314873	0.242196	0.11165
0.0320008	0.241131	0.111963
0.0324626	0.238155	0.112983
0.0331317	0.236679	0.113057
0.0335355	0.235034	0.113263
0.0338786	0.233903	0.113384
0.0351413	0.228244	0.11306
0.0428717	0.231031	0.111622
0.0362999	0.225168	0.112287
0.0414547	0.225782	0.111068
0.0414738	0.221407	0.110504
0.058249	0.229346	0.127037
0.0758207	0.230873	0.107333
0.0556547	0.227603	0.123671
0.0571059	0.223754	0.119272
0.0556879	0.223223	0.121545
0.0538982	0.221548	0.123208
0.0526963	0.221172	0.124297
0.0752189	0.216419	0.105023
0.0557346	0.214509	0.120098
0.0544401	0.214445	0.121612
0.0621915	0.210357	0.110605
0.0714605	0.212568	0.107217
0.0765243	0.21288	0.103114
0.0781016	0.213331	0.101668
0.0791203	0.213826	0.101146
0.0798525	0.214408	0.100679
0.0598195	0.216304	0.117363
0.0577961	0.216206	0.118638
0.0715241	0.215375	0.106072
0.0626284	0.215319	0.113238
0.0753774	0.212932	0.102491
0.0639777	0.213578	0.111581
0.0759468	0.212079	0.103461
0.0803742	0.209096	0.102358
0.0812554	0.208654	0.102411
0.0817112	0.206447	0.103434
0.0834384	0.205711	0.104234
0.0692272	0.202072	0.11801
0.0715139	0.201141	0.115357
0.0677719	0.201044	0.119996
0.0667182	0.201032	0.121773
0.0708713	0.200436	0.120495
0.0703307	0.200266	0.121174
0.0729424	0.198035	0.118917
0.0789846	0.196802	0.115678
0.0841601	0.194634	0.110821
0.0855864	0.193204	0.1095
0.0862947	0.191734	0.109161
0.0869136	0.190901	0.108911
0.0877255	0.190538	0.108707
0.0877731	0.190578	0.108767
0.0860218	0.190417	0.109033
0.085343	0.190823	0.10976
0.0762319	0.19425	0.119175
0.0744352	0.194724	0.121533
0.0727516	0.194965	0.12344
0.0718029	0.195093	0.12444
0.0710093	0.19536	0.125664
0.0708657	0.1954	0.125801
0.070665	0.195479	0.126034
0.0705776	0.195453	0.126226
0.077386	0.192395	0.121303
0.078502	0.192684	0.121846
0.0770876	0.192358	0.123492
0.0749268	0.192511	0.125781
0.0723703	0.192665	0.127632
0.0796132	0.192428	0.119192
0.0747779	0.193888	0.123458
0.0736874	0.194569	0.124003
0.0696322	0.196905	0.122087
0.0664563	0.199822	0.122253
0.065071	0.201372	0.121945
0.0627382	0.203894	0.121968
0.0598325	0.207319	0.121446
0.0596267	0.207479	0.121332
0.059422	0.207683	0.121241
0.0594343	0.20787	0.121117
0.0592106	0.207976	0.120717
0.067893	0.210444	0.110915
0.0647564	0.209819	0.113679
0.0634128	0.210351	0.115159
0.0776352	0.210791	0.103706
0.0691817	0.209711	0.109594
0.0649522	0.210463	0.113236
0.0635023	0.210981	0.114344
0.0625261	0.21205	0.114726
0.0617158	0.212955	0.11532
0.0611451	0.213423	0.115715
0.060468	0.213977	0.115914
0.0644557	0.216003	0.112299
0.0669822	0.217708	0.109978
0.0632465	0.217077	0.112946
0.0759222	0.218194	0.10225
0.0614966	0.21814	0.113178
0.060376	0.21832	0.114059
0.0593477	0.218511	0.114626
0.0589545	0.218376	0.114792
0.0579605	0.218315	0.115491
0.0577135	0.218341	0.115804
0.0576324	0.218517	0.1159
0.0575583	0.218628	0.115923
0.0573218	0.218894	0.116022
0.0569969	0.218811	0.115976
0.0567571	0.218757	0.116047
0.0567407	0.218747	0.116057
0.0661618	0.21939	0.108477
0.0618373	0.219874	0.112023
0.0600227	0.220361	0.113339
0.0597188	0.220303	0.113528
0.0625405	0.219624	0.111139
0.0765388	0.219015	0.100125
0.0638719	0.219766	0.108959
0.0617469	0.219494	0.110303
0.0592299	0.219515	0.112839
0.0760513	0.220468	0.100833
0.077143	0.220698	0.100588
0.0655347	0.219795	0.108849
0.0765002	0.21962	0.0995238
0.0793525	0.220159	0.0972536
0.0814138	0.220711	0.0962295
0.0647397	0.220786	0.110436
0.0811083	0.22109	0.0968091
0.0823102	0.220982	0.0957554
0.0827773	0.221018	0.0953339
0.0835575	0.221106	0.0946108
0.065497	0.221372	0.108523
0.0629519	0.220835	0.110334
0.060941	0.220455	0.111801
0.059891	0.220409	0.112543
0.0590156	0.220115	0.113696
0.0588594	0.219996	0.11372
0.0586658	0.220022	0.113931
0.078516	0.220564	0.0987827
0.0630124	0.220426	0.108687
0.0650383	0.220488	0.106876
0.0676593	0.220215	0.106251
0.0629061	0.220656	0.109667
0.0806403	0.221128	0.0956189
0.0822287	0.221338	0.0944868
0.0827461	0.221532	0.0942227
0.0644743	0.222257	0.109495
0.078984	0.222557	0.0977653
0.0817679	0.222604	0.0954424
0.0824693	0.222679	0.0948735
0.0835015	0.223012	0.0941591
0.0849115	0.223823	0.0935441
0.0649221	0.225134	0.108318
0.0632997	0.225013	0.109361
0.0596281	0.225377	0.111576
0.057292	0.227144	0.11277
0.0562668	0.228145	0.113213
0.0557396	0.22893	0.11326
0.0552166	0.229299	0.113059
0.0723731	0.233336	0.0922978
0.0602789	0.235145	0.103786
0.0565013	0.235487	0.10687
0.0547426	0.236529	0.108625
0.0448694	0.230038	0.0983388
0.0663226	0.235009	0.0827633
0.0666649	0.235235	0.0824899
0.0682123	0.236332	0.0808578
0.0702631	0.238074	0.0783599
0.0705892	0.239172	0.0778098
0.0704363	0.239338	0.0774425
0.0703429	0.240149	0.0770914
0.0701408	0.240593	0.0765111
0.0693403	0.240852	0.0759996
0.0688768	0.240835	0.0759256
0.0682538	0.240824	0.0758785
0.0673741	0.241025	0.0759209
0.0671444	0.241182	0.0760078
0.0671123	0.241138	0.0759881
0.0670915	0.2412	0.0760623
0.0640565	0.235242	0.0795918
0.0649574	0.234245	0.0800169
0.0651867	0.234885	0.0797477
0.0656509	0.235696	0.0791268
0.0659731	0.236738	0.0786133
0.0660288	0.236915	0.0785348
0.066014	0.237008	0.0784619
0.0666412	0.237299	0.0781524
0.0672126	0.23589	0.078445
0.0617046	0.237867	0.0853744
0.0646437	0.237905	0.0821335
0.0658712	0.23632	0.0816488
0.0663681	0.236069	0.0801297
0.0660033	0.236655	0.0797418
0.0578182	0.237899	0.086322
0.0618144	0.237816	0.0821366
0.0639398	0.236346	0.0808153
0.0662872	0.23696	0.0789094
0.0662253	0.237158	0.0788489
0.0665196	0.237588	0.0784836
0.066808	0.236908	0.0790332
0.067521	0.236306	0.0792265
0.0675734	0.237135	0.0788815
0.0675506	0.23861	0.0791075
0.0545247	0.245155	0.0970285
0.0521499	0.245993	0.0997267
0.0513001	0.246319	0.100151
0.0498098	0.246219	0.101526
0.0494797	0.245676	0.103815
0.0500623	0.244044	0.104667
0.0501212	0.243547	0.104828
0.0495156	0.245231	0.104566
0.0678273	0.245431	0.0824082
0.0677572	0.247	0.0808762
0.0674911	0.248026	0.080297
0.0678405	0.248648	0.0797662
0.0509114	0.250074	0.0990384
0.0480352	0.24865	0.102083
0.0471036	0.24918	0.102339
0.045873	0.24893	0.102941
0.0649179	0.250228	0.084482
0.0674648	0.250764	0.0827241
0.0691998	0.250635	0.0823979
0.0704772	0.25252	0.0811693
0.0520811	0.252673	0.103649
0.0516759	0.252962	0.104497
0.050878	0.254472	0.105916
0.0504456	0.253648	0.10658
0.0555882	0.250249	0.10021
0.0665517	0.251689	0.0886366
0.0542259	0.250599	0.103325
0.0522291	0.251355	0.104902
0.0506178	0.252304	0.105965
0.0508044	0.252293	0.106771
0.0515216	0.250452	0.107775
0.0541386	0.251517	0.112168
0.0560615	0.251731	0.113504
0.0487281	0.244904	0.10841
0.0768789	0.253413	0.0892877
0.08017	0.252631	0.081342
0.081433	0.255317	0.0789167
0.0801066	0.255969	0.0784705
0.0797634	0.255322	0.0759906
0.0809256	0.257788	0.0832492
0.0389833	0.240414	0.0981603
0.0387567	0.239124	0.0958493
0.0382223	0.239578	0.0950251
0.0828868	0.272335	0.0701163
0.0802652	0.26871	0.0847888
0.0800385	0.26698	0.0928216
0.0804259	0.267165	0.0928758
0.0359003	0.238544	0.11153
0.0350634	0.235198	0.117596
0.0359487	0.235396	0.112013
0.047383	0.248475	0.124839
0.0451744	0.247097	0.111605
0.0698817	0.264318	0.0987181
0.050926	0.25894	0.111509
0.0532628	0.262085	0.127025
0.0565246	0.263307	0.133984
0.0735589	0.264314	0.112983
0.0764087	0.267879	0.112994
0.077528	0.270087	0.113255
0.0724506	0.276761	0.116156
0.0365017	0.265186	0.123094
0.0272578	0.259186	0.123211
0.0252185	0.261086	0.122143
0.0347672	0.27216	0.119979
0.0280501	0.285471	0.119447
0.0155831	0.2829	0.120845
0.0134007	0.28256	0.121317
0.0109681	0.289904	0.130053
0.0213804	0.30443	0.123225
0.000847667	0.287899	0.124352
-0.00223202	0.288277	0.12433
-0.00326753	0.288781	0.124822
0.00743914	0.317275	0.125389
0.0040108	0.319524	0.126751
-0.000423163	0.306726	0.121935
-0.00235757	0.306028	0.121893
-0.00641036	0.309446	0.124688
-0.00872308	0.308932	0.124557
-0.00933376	0.308246	0.124983
-0.00976926	0.307485	0.125144
-0.00642908	0.318411	0.13028
-0.00633129	0.315121	0.127416
-0.0088965	0.310663	0.126824
-0.00936171	0.310512	0.127471
-0.0105981	0.312662	0.127541
-0.0215427	0.306769	0.127797
-0.026129	0.297776	0.127634
-0.0282972	0.29539	0.1278
-0.0305779	0.298695	0.133581
-0.0257477	0.311276	0.130545
-0.0234124	0.316592	0.128515
-0.0226896	0.318731	0.12756
-0.0226061	0.318183	0.12592
-0.0221023	0.319654	0.126141
-0.0220219	0.320086	0.126247
-0.0214728	0.321286	0.126275
-0.0502204	0.306573	0.132544
-0.0267658	0.317136	0.124263
-0.0261822	0.31534	0.12269
-0.0238812	0.320707	0.125089
-0.056453	0.300567	0.129851
-0.0513957	0.305535	0.130781
-0.0304413	0.316406	0.127926
-0.0287254	0.319174	0.127893
-0.0586323	0.306643	0.134666
-0.060357	0.306637	0.135463
-0.0638521	0.304693	0.136737
-0.0659985	0.299818	0.134809
-0.0610884	0.305305	0.132147
-0.0681056	0.298675	0.134493
-0.0557838	0.314031	0.135005
-0.0594619	0.308594	0.13404
-0.0688749	0.300325	0.137376
-0.0578614	0.314529	0.137189
-0.0583766	0.316129	0.137795
-0.0590152	0.31422	0.13872
-0.0615098	0.311713	0.137945
-0.0615822	0.309056	0.137079
-0.0695616	0.299262	0.139347
-0.0618912	0.311863	0.138869
-0.06301	0.307705	0.135374
-0.0625819	0.309088	0.138093
-0.0618077	0.310936	0.138481
-0.0610043	0.306622	0.136992
-0.0615015	0.312321	0.139841
-0.0613273	0.31157	0.141546
-0.0694625	0.30167	0.142687
-0.064167	0.3077	0.139565
-0.0625386	0.311342	0.139673
-0.0621909	0.311732	0.140505
-0.0613958	0.313953	0.140409
-0.0617185	0.315038	0.140382
-0.0576845	0.321721	0.139786
-0.0699223	0.304594	0.141186
-0.0606547	0.318579	0.140245
-0.0693473	0.300931	0.137681
-0.0740213	0.291673	0.134157
-0.0743535	0.291464	0.13361
-0.0746523	0.291383	0.132868
-0.0741478	0.292666	0.132571
-0.0754994	0.291005	0.131636
-0.0756517	0.290993	0.131135
-0.0756253	0.290742	0.130688
-0.0294566	0.310818	0.120829
-0.0779753	0.289859	0.132664
-0.0777664	0.289615	0.132337
-0.0780352	0.28807	0.134946
-0.078267	0.289245	0.135607
-0.0706435	0.301634	0.1348
-0.0822278	0.286766	0.135912
-0.0734519	0.298243	0.135102
-0.0686736	0.301973	0.136039
-0.0775192	0.292158	0.137061
-0.077356	0.293492	0.137674
-0.0772047	0.294488	0.138082
-0.0803682	0.29018	0.139609
-0.0845676	0.287558	0.140211
-0.0877386	0.284237	0.140935
-0.0885267	0.283419	0.141169
-0.0890804	0.283377	0.141629
-0.0892804	0.283923	0.141877
-0.0893597	0.283969	0.142026
-0.0894806	0.283981	0.142091
-0.0896183	0.283974	0.141883
-0.0873659	0.285067	0.142398
-0.0861833	0.28683	0.142489
-0.086644	0.286357	0.142675
-0.0850619	0.288585	0.142766
-0.0872538	0.285796	0.143025
-0.0868735	0.286306	0.143007
-0.0832959	0.290933	0.14316
-0.0857996	0.28752	0.143234
-0.0867067	0.285841	0.143389
-0.0821958	0.291694	0.143368
-0.0823944	0.291178	0.143212
-0.0813465	0.292438	0.143181
-0.0802358	0.293794	0.143269
-0.0815432	0.292128	0.143547
-0.0810445	0.292827	0.143581
-0.0870096	0.284803	0.143665
-0.0873279	0.284846	0.143592
-0.0873948	0.284872	0.143633
-0.0864307	0.283925	0.144128
-0.0864949	0.283928	0.14407
-0.0822749	0.289588	0.144356
-0.0865364	0.284004	0.144206
-0.0839088	0.287534	0.144291
-0.0863374	0.284934	0.144127
-0.0846649	0.287922	0.144464
-0.0859477	0.286741	0.144651
-0.0863017	0.286588	0.144833
-0.0870615	0.286346	0.145209
-0.0883749	0.285215	0.145462
-0.086536	0.288351	0.145787
-0.0886573	0.285623	0.145758
-0.0887273	0.285695	0.145791
-0.0888695	0.285873	0.145672
-0.0872477	0.288232	0.145662
-0.0889897	0.285936	0.145569
-0.0888679	0.286172	0.14554
-0.0890091	0.28631	0.145463
-0.0871144	0.286499	0.148797
-0.0874306	0.286676	0.148756
-0.0876147	0.287091	0.148962
-0.0878294	0.287135	0.149015
-0.0879156	0.287317	0.148932
-0.0880015	0.287355	0.14888
-0.0880314	0.287381	0.148866
-0.0880966	0.287511	0.148805
-0.0880976	0.287616	0.148759
-0.0879371	0.287555	0.148877
-0.0878052	0.287556	0.148986
-0.0876659	0.287608	0.148836
-0.0876939	0.287598	0.148881
-0.0876646	0.287761	0.148937
-0.0949207	0.283997	0.155299
-0.0928876	0.285238	0.151882
-0.0924266	0.285715	0.151503
-0.092241	0.28591	0.151294
-0.0921108	0.286068	0.151136
-0.0945982	0.283291	0.156766
-0.0948949	0.284607	0.155501
-0.0950421	0.285083	0.155126
-0.095377	0.285896	0.154581
-0.107851	0.283731	0.160137
-0.11328	0.283935	0.162957
-0.111669	0.2826	0.159955
-0.10717	0.287824	0.15928
-0.107244	0.292118	0.15948
-0.11521	0.293773	0.163876
-0.12214	0.284979	0.169255
-0.121577	0.284995	0.169404
-0.126486	0.28838	0.169654
-0.127067	0.288435	0.169616
-0.125104	0.288425	0.166891
-0.126542	0.28879	0.167438
-0.126431	0.294217	0.168896
-0.121369	0.294032	0.165711
-0.12735	0.286171	0.165515
-0.127857	0.286255	0.166936
-0.122244	0.29504	0.16704
-0.12136	0.297364	0.167512
-0.119914	0.298249	0.165825
-0.118953	0.298758	0.164287
-0.125	0.302602	0.168846
-0.117988	0.300589	0.162568
-0.123161	0.30858	0.169717
-0.122356	0.307688	0.168041
-0.122181	0.3101	0.170123
-0.139105	0.307271	0.180269
-0.126761	0.303405	0.167585
-0.123457	0.303315	0.165019
-0.120851	0.302298	0.162207
-0.119852	0.302076	0.16169
-0.124237	0.308732	0.168292
-0.140525	0.304073	0.17655
-0.133291	0.309848	0.172308
-0.129888	0.308618	0.171384
-0.13915	0.308399	0.176852
-0.129691	0.299272	0.167499
-0.145583	0.299502	0.177687
-0.108433	0.301993	0.158429
-0.142967	0.303125	0.179858
-0.12211	0.302603	0.164553
-0.121485	0.307785	0.166176
-0.119583	0.306129	0.16438
-0.115637	0.303735	0.16176
-0.114296	0.303378	0.160982
-0.1451	0.30403	0.178596
-0.146936	0.305044	0.179225
-0.14735	0.307433	0.179049
-0.138392	0.318061	0.172328
-0.119149	0.310182	0.163177
-0.120197	0.307296	0.162547
-0.120215	0.307458	0.162863
-0.123503	0.303746	0.16478
-0.140693	0.29188	0.168158
-0.142788	0.291254	0.168498
-0.146053	0.290911	0.169226
-0.149693	0.29189	0.169668
-0.155526	0.291132	0.169246
-0.156707	0.291224	0.169037
-0.15945	0.290365	0.168492
-0.161225	0.290816	0.16843
-0.163348	0.292557	0.168782
-0.165106	0.29288	0.168734
-0.166891	0.293249	0.168807
-0.169246	0.298983	0.171302
-0.171249	0.296813	0.170741
-0.172082	0.297846	0.171177
-0.173533	0.300651	0.171771
-0.173022	0.303526	0.17338
-0.172311	0.307191	0.175752
-0.172319	0.307833	0.176296
-0.173226	0.307132	0.176344
-0.173306	0.306916	0.176606
-0.176599	0.302612	0.175089
-0.177945	0.302679	0.174832
-0.178805	0.302941	0.174687
-0.179415	0.302976	0.174388
-0.180622	0.303516	0.17407
-0.181078	0.303805	0.173934
-0.182257	0.304526	0.173783
-0.182711	0.304766	0.173577
-0.183879	0.304357	0.173161
-0.184183	0.304185	0.173114
-0.184513	0.30451	0.173087
-0.184712	0.304652	0.173059
-0.18553	0.304911	0.172857
-0.18568	0.304772	0.172754
-0.185923	0.30522	0.172661
-0.186062	0.305458	0.172608
-0.186624	0.304937	0.172167
-0.186835	0.305097	0.172101
-0.187735	0.306521	0.172071
-0.18791	0.306969	0.172083
-0.188129	0.306517	0.171575
-0.188797	0.308028	0.171578
-0.188837	0.307701	0.171364
-0.18912	0.308134	0.171324
-0.190485	0.309244	0.171311
-0.190908	0.309056	0.171272
-0.191157	0.309387	0.17124
-0.191566	0.309664	0.171148
-0.192389	0.31011	0.170921
-0.19254	0.310196	0.17084
-0.192571	0.310393	0.170828
-0.192907	0.30997	0.170808
-0.193237	0.310299	0.170852
-0.193286	0.310345	0.170849
-0.19355	0.31074	0.170843
-0.193588	0.31076	0.17088
-0.193922	0.310855	0.170834
-0.194034	0.310816	0.170821
-0.194134	0.31091	0.170799
-0.194365	0.31114	0.170848
-0.194258	0.310494	0.171827
-0.194754	0.309173	0.172589
-0.195397	0.306187	0.173451
-0.196185	0.305116	0.174481
-0.197263	0.302838	0.176392
-0.197172	0.302146	0.17639
-0.197571	0.301221	0.177493
-0.197735	0.300396	0.17762
-0.197395	0.299593	0.177734
-0.197308	0.299392	0.177655
-0.197552	0.299439	0.178499
-0.197645	0.299315	0.178563
-0.197576	0.298376	0.178521
-0.197361	0.297746	0.178251
-0.197724	0.298222	0.178874
-0.197677	0.298939	0.178397
-0.19766	0.298525	0.178418
-0.197685	0.298435	0.178513
-0.19752	0.298012	0.178102
-0.197698	0.298283	0.178574
-0.19773	0.297585	0.178628
-0.197975	0.298121	0.179513
-0.198097	0.298237	0.179991
-0.197758	0.297753	0.179267
-0.197997	0.298665	0.179671
-0.197921	0.299925	0.179667
-0.197201	0.301147	0.178116
-0.196823	0.301658	0.178037
-0.196139	0.303238	0.176506
-0.196091	0.303488	0.176462
-0.19589	0.30433	0.176211
-0.195745	0.304885	0.175739
-0.195596	0.307094	0.175028
-0.195425	0.307055	0.174648
-0.195222	0.306786	0.174028
-0.195853	0.308509	0.173443
-0.196031	0.309254	0.17277
-0.19644	0.310363	0.172535
-0.196411	0.310276	0.172458
-0.196369	0.310292	0.172376
-0.196488	0.310538	0.172105
-0.196883	0.311481	0.172058
-0.196818	0.311429	0.171773
-0.197006	0.312468	0.171715
-0.197205	0.312863	0.171338
-0.19725	0.312925	0.171251
-0.197282	0.312905	0.171153
-0.197425	0.312758	0.170936
-0.197498	0.312596	0.170825
-0.197463	0.312634	0.17078
-0.197471	0.31276	0.170788
-0.19748	0.3132	0.170824
-0.197476	0.313562	0.170749
-0.197516	0.313595	0.17074
-0.197473	0.313742	0.170839
-0.197431	0.313691	0.170893
-0.197216	0.313023	0.170939
-0.197272	0.313098	0.17109
-0.197395	0.312922	0.17127
-0.197564	0.313053	0.171324
-0.197756	0.313244	0.171599
-0.197365	0.312109	0.171485
-0.197281	0.312181	0.171514
-0.197385	0.312653	0.171611
-0.197634	0.313187	0.171735
-0.197356	0.312407	0.171635
-0.197426	0.311988	0.171507
-0.197974	0.312501	0.171563
-0.198948	0.313583	0.171652
-0.199458	0.313944	0.171717
-0.19966	0.314138	0.171758
-0.199624	0.314112	0.1718
-0.1991	0.31328	0.172115
-0.198883	0.312826	0.172072
-0.198798	0.312824	0.172133
-0.198805	0.312985	0.1722
-0.199008	0.313877	0.17228
-0.199012	0.313879	0.172228
-0.199129	0.314146	0.172196
-0.199162	0.314273	0.172152
-0.199311	0.314561	0.171898
-0.199606	0.315369	0.171746
-0.1998	0.315882	0.17167
-0.199836	0.315693	0.171582
-0.19985	0.316096	0.171514
-0.199865	0.316337	0.171435
-0.199888	0.31638	0.171445
-0.199817	0.316111	0.171606
-0.199408	0.315786	0.171857
-0.198345	0.314606	0.172006
-0.197749	0.314099	0.171988
-0.194752	0.312369	0.172152
-0.186307	0.308316	0.172842
-0.181872	0.304877	0.172161
-0.177573	0.300766	0.170827
-0.174369	0.297545	0.169683
-0.165593	0.28811	0.163953
-0.163881	0.285318	0.161986
-0.161396	0.282028	0.159734
-0.158877	0.280751	0.157679
-0.153792	0.278468	0.153999
-0.151045	0.277163	0.151822
-0.148475	0.277907	0.150254
-0.146313	0.27825	0.149186
-0.137678	0.281104	0.145545
-0.136603	0.280775	0.145077
-0.134167	0.280782	0.144198
-0.129883	0.282355	0.143214
-0.124265	0.282864	0.14182
-0.123546	0.282989	0.14147
-0.119132	0.284603	0.140257
-0.0997673	0.295093	0.13667
-0.101251	0.291625	0.136978
-0.100728	0.290799	0.136858
-0.0984327	0.286291	0.136442
-0.0973091	0.282162	0.136024
-0.0773811	0.28722	0.133656
-0.0743375	0.285355	0.133174
-0.070152	0.286821	0.132657
-0.0721135	0.281299	0.132154
-0.0715149	0.277358	0.131137
-0.0669368	0.279341	0.130389
-0.0708025	0.276019	0.130406
-0.0724258	0.273509	0.130045
-0.0527857	0.281019	0.123598
-0.0617635	0.271927	0.124684
-0.0549855	0.274135	0.123884
-0.0606653	0.268382	0.124007
-0.0446939	0.273628	0.120779
-0.0500485	0.266529	0.120564
-0.0404813	0.271346	0.11843
-0.0374649	0.271594	0.117455
-0.0343249	0.27077	0.116177
-0.0335972	0.270486	0.115864
-0.0320747	0.269607	0.114984
-0.0305567	0.268087	0.114025
-0.0289132	0.265524	0.112148
-0.0287686	0.262626	0.110952
-0.0266102	0.262133	0.110125
-0.0244796	0.260275	0.108691
-0.0204292	0.257813	0.106486
-0.0193904	0.25631	0.105534
-0.0173592	0.255174	0.104099
-0.0162026	0.254087	0.103135
-0.0149072	0.251281	0.101212
-0.0137555	0.249818	0.100413
-0.0131953	0.249371	0.10011
-0.0112071	0.248163	0.0990975
-0.0085111	0.245713	0.0978541
-0.00738761	0.244649	0.0972864
-0.00532672	0.243764	0.0965703
-0.00461343	0.243225	0.0966086
-0.00259578	0.238833	0.0964309
-0.00205389	0.2382	0.0963629
0.00102165	0.236965	0.0956575
0.0020152	0.235646	0.0953249
0.00446883	0.235024	0.0945413
0.00501722	0.234866	0.0944205
0.00534341	0.234755	0.094284
0.0054248	0.234724	0.0942989
0.00678802	0.234445	0.0942546
0.00774819	0.234447	0.0939054
0.00807101	0.234438	0.0940764
0.00813946	0.234371	0.0939757
0.00936848	0.234145	0.0933619
0.00976172	0.234155	0.0931914
0.0100109	0.23414	0.0931024
0.00990283	0.234184	0.093517
0.0101646	0.234317	0.0934612
0.0100325	0.234051	0.0933343
0.0101621	0.234159	0.0932047
0.00990283	0.234087	0.093959
0.0102918	0.233842	0.0940834
0.0103588	0.233918	0.0940299
0.0102221	0.233868	0.0942559
0.0105351	0.233761	0.0940094
0.0110615	0.23361	0.0942348
0.0109977	0.233606	0.0947092
0.0111585	0.233637	0.094665
0.0111413	0.233586	0.0950601
0.0117832	0.233603	0.0945357
0.011957	0.233656	0.0944308
0.0119112	0.233519	0.0948485
0.0118758	0.233499	0.0952532
0.0119598	0.233682	0.0954416
0.011966	0.233655	0.0955704
0.0121449	0.233655	0.0953556
0.0122004	0.233558	0.0955883
0.0121169	0.233514	0.0958933
0.0121482	0.233499	0.0960905
0.0121125	0.233477	0.0962745
0.0121326	0.233204	0.0963954
0.0122683	0.232893	0.0967668
0.012243	0.232766	0.0969132
0.0122541	0.232702	0.0969745
0.0124395	0.232585	0.0970413
0.0125108	0.232406	0.0972305
0.0125602	0.232322	0.0973081
0.012562	0.232204	0.097314
0.0126757	0.232198	0.0973664
0.0126945	0.231894	0.0975097
0.0126551	0.231782	0.0975839
0.0126573	0.231767	0.0976311
0.0132792	0.232245	0.0962811
0.0137593	0.232397	0.0953847
0.0136807	0.232301	0.0955681
0.0136762	0.232281	0.0955305
0.0137937	0.232444	0.0952381
0.0141298	0.232421	0.0947193
0.013917	0.232239	0.0952621
0.0142497	0.232416	0.0947425
0.0140635	0.232254	0.0952536
0.0139424	0.23219	0.0954895
0.013786	0.232098	0.0959129
0.0137072	0.231933	0.0961918
0.0136807	0.231843	0.0963224
0.0134039	0.231602	0.0967499
0.0133672	0.231437	0.096872
0.0133537	0.231381	0.0969752
0.0133551	0.231362	0.0970477
0.0137251	0.231578	0.0963579
0.0138172	0.231636	0.0961529
0.01404	0.231678	0.0956611
0.0143411	0.231736	0.0952068
0.0139886	0.231338	0.0958443
0.013799	0.23115	0.0961145
0.01363	0.230763	0.0963774
0.0135506	0.230188	0.0965465
0.0135705	0.22964	0.0966661
0.0135682	0.229447	0.0967869
0.0135392	0.229251	0.0968795
0.0134556	0.229005	0.0968816
0.0134008	0.228853	0.0969772
0.0133698	0.228785	0.0970756
0.0133965	0.228683	0.0971269
0.0133754	0.228631	0.0971787
0.0135643	0.228824	0.096901
0.0139229	0.229064	0.0965362
0.0138672	0.229002	0.0966716
0.0138718	0.229036	0.0968019
0.013792	0.228942	0.0970081
0.0138305	0.228971	0.0970643
0.0138417	0.228984	0.0971211
0.0138271	0.229086	0.0972241
0.013849	0.229208	0.0973929
0.0140658	0.229382	0.0969003
0.0140328	0.229389	0.0969665
0.0139979	0.229457	0.0970047
0.013936	0.229565	0.0971815
0.0143986	0.229775	0.0965925
0.0145691	0.230003	0.0963376
0.0145383	0.229991	0.0964291
0.014469	0.230066	0.0966965
0.0144536	0.230405	0.0967101
0.0145253	0.230607	0.0967224
0.0145068	0.230711	0.0967606
0.014738	0.231459	0.096664
0.0146933	0.231478	0.0968038
0.0145267	0.231485	0.097103
0.0141115	0.231396	0.0977584
0.0130185	0.231286	0.0994496
0.0127045	0.23143	0.0998986
0.0122992	0.231894	0.100621
0.0120067	0.232424	0.101116
0.0116046	0.233782	0.10126
0.0112546	0.234082	0.100798
0.0112649	0.23518	0.100803
0.011301	0.235912	0.100807
0.0113565	0.237055	0.101089
0.0111431	0.237922	0.101537
0.0108987	0.238045	0.101962
0.0125258	0.239516	0.101619
0.0145947	0.240998	0.100751
0.0149194	0.241739	0.100286
0.0145729	0.242684	0.100183
0.0141831	0.24319	0.100135
0.0122519	0.241704	0.101408
0.013563	0.244445	0.0997287
0.0142587	0.245432	0.0990195
0.0158211	0.247528	0.0977244
0.0128704	0.242677	0.0999981
0.012324	0.242206	0.100479
0.0120224	0.2419	0.100953
0.0112243	0.240807	0.101702
0.0113718	0.241252	0.101738
0.0116299	0.242107	0.101629
0.0117467	0.241918	0.101635
0.0121924	0.242393	0.101511
0.0125007	0.241743	0.101751
0.0122771	0.241872	0.10207
0.0121791	0.241661	0.102057
0.0120219	0.241393	0.102067
0.0116449	0.240638	0.101945
0.0115556	0.24034	0.101835
0.0114852	0.240335	0.101853
0.0114654	0.240436	0.101799
0.0114335	0.24047	0.101533
0.0113282	0.240372	0.10155
0.0112937	0.240275	0.101518
0.0111499	0.240149	0.101577
0.0109281	0.239987	0.10134
0.0106524	0.239988	0.101277
0.0105991	0.239853	0.101148
0.0104163	0.239725	0.100606
0.0102091	0.239834	0.100484
0.0101681	0.239778	0.10051
0.0102918	0.239696	0.100453
0.0102183	0.239813	0.100336
0.0102353	0.239814	0.100302
0.0101303	0.239805	0.100271
0.0101187	0.239776	0.100292
0.010004	0.239887	0.100269
0.00996977	0.239922	0.0996444
0.00999638	0.239961	0.0996027
0.0100011	0.240022	0.0995037
0.0100515	0.240016	0.0994851
0.00996837	0.240153	0.0991844
0.0100167	0.24019	0.0991058
0.0100348	0.240474	0.0989671
0.0101154	0.240647	0.0990096
0.0102735	0.24075	0.0989459
0.0103494	0.240739	0.0989843
0.0103566	0.240722	0.0990212
0.0104068	0.240934	0.0990089
0.0106527	0.240731	0.0988411
0.0109785	0.240644	0.0987143
0.0115377	0.240975	0.0985489
0.0150457	0.249197	0.0961431
0.017819	0.257028	0.0935445
0.0191767	0.259082	0.0925802
0.0189493	0.257779	0.0924189
0.0184285	0.256597	0.0925328
0.0173573	0.253418	0.0929917
0.0191889	0.256486	0.0917546
0.0193203	0.257162	0.0915259
0.0196563	0.257956	0.0913036
0.0198012	0.258606	0.0912928
0.0198617	0.258853	0.091409
0.0199053	0.258937	0.0913692
0.0200619	0.259157	0.0912765
0.0202234	0.259195	0.091437
0.0198296	0.258742	0.0917176
0.019609	0.258467	0.092185
0.0191744	0.25756	0.0933385
0.0181274	0.25657	0.0948873
0.0177604	0.256412	0.0954093
0.0176503	0.256362	0.0955468
0.0175155	0.256382	0.0957495
0.017631	0.256374	0.095654
0.0177152	0.256302	0.0956772
0.0177655	0.256305	0.095663
0.0181008	0.256714	0.0952622
0.0189832	0.259031	0.0939468
0.0194722	0.259918	0.0934996
0.0201151	0.261004	0.0931356
0.0203305	0.261447	0.0930663
0.0203826	0.261358	0.0933931
0.0204198	0.26153	0.0941151
0.020489	0.261853	0.0945642
0.0204692	0.262804	0.0958715
0.020044	0.264857	0.0980563
0.0193356	0.266889	0.0994126
0.0191984	0.267747	0.0997098
0.0191016	0.268548	0.0998374
0.0157452	0.26318	0.0972239
0.0157823	0.265375	0.0945674
0.0166497	0.266265	0.0921068
0.0189315	0.26602	0.0855277
0.0185845	0.250655	0.0943169
0.0195625	0.247984	0.0905133
0.018121	0.246485	0.103443
0.0182004	0.246509	0.106102
0.0235557	0.256296	0.118238
0.0215789	0.25204	0.111102
0.0287698	0.263124	0.111916
0.0313675	0.268436	0.109319
0.0432495	0.280308	0.0970162
0.0345896	0.267596	0.093758
0.0382455	0.267761	0.0915015
0.0394026	0.273395	0.0920914
0.0440955	0.283309	0.0904587
0.0412916	0.272876	0.0756323
0.0524468	0.28126	0.0709638
0.0474888	0.28144	0.072748
0.0471807	0.295963	0.0811871
0.0480609	0.301086	0.0808366
0.0498257	0.304316	0.0769688
0.0521783	0.307713	0.0743768
0.0667154	0.320562	0.0599367
0.0710167	0.317872	0.0613235
0.0740143	0.319629	0.0589381
0.0814512	0.323178	0.0542108
0.0979349	0.316639	0.0590488
0.0941131	0.319888	0.0700661
0.104187	0.294547	0.0497483
0.0894948	0.313791	0.061399
0.0825608	0.31074	0.0582881
0.0807337	0.308224	0.0576864
0.0817608	0.306289	0.0569286
0.0812987	0.305453	0.0575844
0.0769636	0.302939	0.0598126
0.0804423	0.304475	0.0572207
0.101612	0.295618	0.0434606
0.102995	0.295121	0.0480306
0.102687	0.29223	0.0462795
0.102541	0.291999	0.0462775
0.0881254	0.307231	0.0692289
0.0868847	0.305802	0.0696558
0.0655809	0.289977	0.0800352
0.0634972	0.283555	0.0828202
0.0607392	0.273726	0.0860969
0.0622874	0.269692	0.0810144
0.0876224	0.283032	0.0567029
0.0915402	0.266325	0.062786
0.0924506	0.268967	0.0659952
0.0938807	0.263831	0.0715977
0.0937705	0.270628	0.077249
0.078033	0.269881	0.0840884
0.0840611	0.274427	0.0838529
0.0854329	0.278438	0.0850278
0.0819304	0.280007	0.0862868
0.0831254	0.28059	0.0860629
0.0840088	0.278882	0.0843404
0.0842412	0.277009	0.0825915
0.0796817	0.274814	0.081479
0.0777673	0.275114	0.0826083
0.0821793	0.280517	0.0841123
0.0794752	0.282759	0.0892927
0.0728914	0.282114	0.0909183
0.0720139	0.283263	0.0940232
0.0723915	0.282373	0.0972315
0.0700647	0.281183	0.0988936
0.0725449	0.282327	0.101863
0.0715854	0.281998	0.102964
0.0703169	0.280109	0.101896
0.069547	0.277204	0.10016
0.0710283	0.283395	0.0989094
0.066763	0.291625	0.10824
0.0665142	0.291919	0.106539
0.0690393	0.29086	0.101377
0.0661471	0.295119	0.102272
0.0655358	0.2991	0.107201
0.065934	0.292699	0.102765
0.0642301	0.289432	0.0990358
0.0618178	0.289832	0.100222
0.0617167	0.288097	0.0992584
0.0604583	0.287823	0.0994087
0.0413866	0.282874	0.104374
0.0520623	0.291586	0.100677
0.0524499	0.293344	0.0998319
0.0513636	0.297025	0.0978539
0.0487717	0.302547	0.0955948
0.0498551	0.303782	0.0958803
0.0496915	0.303192	0.0963294
0.0494426	0.302686	0.0975641
0.0493471	0.302442	0.0980451
0.0487894	0.296536	0.097156
0.0494778	0.297455	0.0981179
0.0497085	0.297685	0.0986244
0.0504267	0.297995	0.0991619
0.0511291	0.298426	0.100598
0.0512924	0.29902	0.101084
0.0533572	0.299882	0.101189
0.0526478	0.298775	0.102074
0.0514178	0.29715	0.103935
0.0516614	0.296421	0.104743
0.0521133	0.295558	0.105029
0.0518609	0.295174	0.105553
0.0493664	0.294522	0.107042
0.049419	0.294545	0.107698
0.0497256	0.294605	0.108275
0.0491357	0.294939	0.108957
0.0677149	0.309592	0.109578
0.067862	0.308139	0.108755
0.0528685	0.303708	0.122659
0.0636899	0.302965	0.111786
0.0539763	0.286146	0.101712
0.0551025	0.281329	0.100565
0.052746	0.282526	0.102503
0.0525092	0.282581	0.102688
0.0789294	0.294116	0.101051
0.0627601	0.292417	0.112579
0.0404149	0.280441	0.118177
0.0401365	0.28053	0.119726
0.0399218	0.279649	0.124351
0.0403574	0.278561	0.127278
0.0403673	0.278029	0.12814
0.040541	0.277746	0.129337
0.0403849	0.277998	0.130519
0.0403957	0.278138	0.130917
0.0403207	0.278064	0.131115
0.0402134	0.27819	0.131498
0.0394691	0.27781	0.132526
0.0395311	0.278058	0.132732
0.0393675	0.278468	0.133103
0.0392378	0.279079	0.133767
0.0379587	0.279907	0.136214
0.0367476	0.28019	0.13715
0.0350296	0.28123	0.138626
0.0335039	0.282515	0.14023
0.0269378	0.282945	0.143613
0.0248791	0.282909	0.145031
0.023802	0.283503	0.146598
0.0226348	0.283467	0.147983
0.0265372	0.3586	0.196114
0.00377786	0.285911	0.157763
0.00638869	0.28797	0.157214
0.00874373	0.290021	0.156674
0.014322	0.293555	0.153629
0.0157971	0.29385	0.153154
0.0167972	0.293944	0.153118
0.0169211	0.29332	0.153356
0.00972629	0.286651	0.156533
0.00488612	0.282036	0.158136
0.00624865	0.282737	0.15831
0.00318947	0.280545	0.159441
-6.80387e-05	0.278301	0.160669
0.00520822	0.281963	0.159987
0.00754648	0.283418	0.159452
0.0112785	0.285825	0.158553
0.0148232	0.287495	0.157744
0.0169245	0.288166	0.157705
0.0169129	0.288134	0.157887
0.0169211	0.287733	0.158213
0.00958186	0.281121	0.162412
0.011018	0.281853	0.162391
0.015402	0.284311	0.161776
0.0154869	0.284342	0.16169
0.015794	0.28441	0.161763
0.0160308	0.284705	0.161674
0.0161928	0.284861	0.161627
0.0184554	0.286435	0.160909
0.0185853	0.286752	0.160526
0.0187165	0.286977	0.160351
0.018693	0.286984	0.160313
0.0193725	0.287742	0.159959
0.0196799	0.287965	0.159666
0.0195595	0.287944	0.159624
0.0195502	0.287945	0.159596
0.0197156	0.288098	0.15936
0.0201683	0.289098	0.159079
0.020075	0.289164	0.159092
0.0208443	0.290079	0.15884
0.0206999	0.290016	0.158896
0.0204366	0.289926	0.158999
0.0202612	0.289961	0.159112
0.0200497	0.289818	0.159282
0.019808	0.289625	0.159424
0.0193541	0.289568	0.159658
0.0192586	0.289513	0.159682
0.0196005	0.289941	0.159676
0.0195761	0.289996	0.159626
0.022343	0.291905	0.158429
0.0225036	0.292041	0.158261
0.022716	0.292306	0.15796
0.0229087	0.29246	0.157634
0.0238113	0.293298	0.15707
0.023842	0.293371	0.157013
0.0240165	0.293505	0.156807
0.0242157	0.29385	0.156502
0.0241264	0.293691	0.156502
0.0240971	0.293673	0.156526
0.0240621	0.29378	0.15649
0.0239933	0.293818	0.156485
0.0239557	0.293777	0.156523
0.0238419	0.293853	0.156589
0.0237907	0.293841	0.156602
0.02381	0.293876	0.156561
0.0237795	0.29405	0.156424
0.0238311	0.294063	0.156396
0.0245668	0.294368	0.156306
0.024206	0.294532	0.157047
0.00687695	0.285678	0.162126
0.00971845	0.288463	0.161704
0.00586358	0.286568	0.162336
0.00967351	0.289701	0.160219
0.0212484	0.29647	0.157218
0.0235507	0.297674	0.156642
0.0247935	0.298516	0.156403
0.0111471	0.290079	0.159057
0.0170059	0.295046	0.157013
0.0086706	0.289547	0.158379
0.019756	0.295647	0.155509
0.0224584	0.296933	0.15492
0.0210853	0.297173	0.154216
0.0210249	0.297123	0.154284
0.0228464	0.297797	0.153832
0.0238743	0.29829	0.153489
0.025198	0.298589	0.153099
0.0256193	0.298617	0.152993
0.0259103	0.298601	0.1529
0.0259665	0.29859	0.152945
0.0250352	0.297963	0.153265
0.0242778	0.297794	0.15357
0.0234841	0.297352	0.15379
0.0228846	0.297147	0.153992
0.0223478	0.296785	0.154514
0.00739196	0.287407	0.158686
0.0152584	0.293938	0.157166
0.00912291	0.289083	0.159176
0.0180819	0.294257	0.156519
0.0181217	0.294379	0.156403
0.0196927	0.295493	0.154788
0.0216355	0.296335	0.152733
0.0248249	0.296386	0.150468
0.0255908	0.296298	0.150121
0.0249978	0.295469	0.15056
0.0242397	0.294888	0.150968
0.0241456	0.294749	0.151168
0.0238676	0.29462	0.151333
0.0240017	0.294656	0.151253
0.0238844	0.294587	0.151213
0.0253148	0.29523	0.150082
0.0250243	0.295077	0.149965
0.0263137	0.295907	0.149031
0.0273368	0.296466	0.148248
0.0291518	0.297498	0.147119
0.0304036	0.298091	0.14661
0.0308068	0.298393	0.146393
0.0306302	0.298366	0.146387
0.0280901	0.297908	0.147213
0.0272336	0.297557	0.147695
0.0270495	0.297284	0.147911
0.0265939	0.297089	0.148215
0.0265526	0.297069	0.148338
0.026447	0.297003	0.14844
0.0264248	0.296944	0.148517
0.0264562	0.296926	0.148602
0.0264079	0.296915	0.148715
0.0264203	0.296926	0.148705
0.0263647	0.296828	0.148684
0.0262715	0.296805	0.148665
0.0256315	0.296398	0.148797
0.0251239	0.295956	0.149125
0.0247034	0.295468	0.149454
0.0245343	0.294841	0.150148
0.0226328	0.294133	0.151498
0.0210994	0.293969	0.152682
0.0312774	0.363875	0.198385
-0.0117058	0.28468	0.166558
0.0201135	0.29465	0.151875
0.0207571	0.295132	0.151829
0.0645334	0.328976	0.144628
0.0207764	0.296838	0.150633
0.0216085	0.296903	0.150912
0.0215325	0.296858	0.151024
0.0213627	0.296518	0.151295
0.0219866	0.296723	0.151349
0.0237092	0.29743	0.15106
0.0245368	0.297885	0.150857
0.0250169	0.298214	0.150779
0.0247055	0.298228	0.15082
0.0237772	0.297943	0.151286
0.0234631	0.297668	0.151476
0.0234553	0.297708	0.151512
0.0235464	0.297812	0.15163
0.0228387	0.297657	0.152582
0.0229234	0.297932	0.153308
0.0243005	0.298486	0.154293
0.0254247	0.298899	0.155325
0.0273445	0.299996	0.157221
0.0277115	0.300201	0.15744
0.0270256	0.299876	0.157792
0.02709	0.299857	0.157559
0.0270132	0.299245	0.157249
0.0269626	0.298878	0.157468
0.0266261	0.298245	0.158082
0.0252792	0.29739	0.159346
0.0236208	0.295461	0.158031
0.0248452	0.29627	0.156583
0.0258748	0.296917	0.15487
0.0263963	0.296901	0.154122
0.0301594	0.296333	0.151134
0.0314763	0.296415	0.150422
0.0330791	0.296528	0.149808
0.0337247	0.296309	0.149628
0.0343658	0.296213	0.149737
0.0345148	0.296253	0.149983
0.0346522	0.296665	0.150839
0.0347649	0.297019	0.151982
0.0350837	0.297786	0.154094
0.035153	0.29813	0.155871
0.0347224	0.297639	0.159574
0.033639	0.295903	0.162195
0.00621724	0.28311	0.16983
0.00477013	0.283128	0.169931
0.018385	0.294913	0.165216
0.021596	0.298008	0.163771
0.0252005	0.299562	0.162644
0.0265518	0.300034	0.162629
0.0274865	0.299979	0.162643
0.0278318	0.299785	0.162587
0.0294133	0.299421	0.162739
0.0299463	0.299225	0.162834
0.0304403	0.299127	0.163099
0.0305271	0.29869	0.1634
0.0305108	0.298033	0.164068
0.0277637	0.295129	0.165263
0.0272314	0.294459	0.165719
0.0272892	0.293779	0.166026
0.0239688	0.289222	0.169618
0.0224204	0.286905	0.171289
0.0219104	0.285736	0.172648
0.0228835	0.285208	0.17425
0.0196209	0.281478	0.176755
0.018723	0.280488	0.177786
0.00508189	0.272627	0.181291
0.00671783	0.27353	0.181297
0.0085825	0.284971	0.189724
0.00973457	0.283342	0.186964
0.0104147	0.282537	0.18528
0.0100999	0.282536	0.183628
-0.00755984	0.278391	0.178614
-0.0104256	0.27909	0.177397
-0.0124133	0.279386	0.176045
-0.0142234	0.280503	0.174728
-0.0166962	0.282675	0.172455
-0.0171179	0.283417	0.172001
-0.0172556	0.283673	0.171921
-0.017899	0.283848	0.171724
-0.0186652	0.284254	0.171682
-0.0188537	0.284338	0.171706
-0.0189525	0.284469	0.171713
-0.0189631	0.284532	0.171736
-0.0190761	0.284535	0.171788
-0.0191153	0.284514	0.171769
-0.0191427	0.284497	0.171798
-0.0191272	0.28452	0.171817
-0.0191086	0.284504	0.171957
-0.0189712	0.284486	0.171956
-0.018869	0.284453	0.171991
-0.0185626	0.284529	0.171034
-0.0184066	0.284602	0.171362
-0.0181995	0.284777	0.171307
-0.0181873	0.284773	0.171322
-0.0181537	0.284798	0.171381
-0.0180056	0.284894	0.170897
-0.01808	0.284918	0.17099
-0.0181026	0.284938	0.171016
-0.0181208	0.285011	0.170896
-0.0180909	0.285685	0.170698
-0.0180538	0.285733	0.170719
-0.0180789	0.286014	0.170696
-0.0180444	0.286203	0.170749
-0.0182868	0.286383	0.170626
-0.0183886	0.286452	0.17055
-0.0185668	0.286512	0.170437
-0.0187639	0.286623	0.170318
-0.0191188	0.286576	0.170108
-0.0191618	0.286597	0.170091
-0.0193619	0.286606	0.169985
-0.0195302	0.286673	0.169944
-0.0192461	0.287703	0.169191
-0.0193042	0.287845	0.168905
-0.0193297	0.288132	0.168625
-0.0192296	0.288475	0.168376
-0.0193837	0.288967	0.167847
-0.0193069	0.289118	0.167762
-0.0194035	0.289067	0.167672
-0.01941	0.289076	0.167673
-0.0194454	0.289073	0.167685
-0.0193458	0.289317	0.167646
-0.0193689	0.289322	0.167647
-0.0193952	0.289362	0.167613
-0.0193447	0.289982	0.1673
-0.0193462	0.290655	0.167052
-0.0193789	0.290774	0.166926
-0.0194513	0.291015	0.166726
-0.0195586	0.291372	0.166343
-0.0194714	0.291549	0.16613
-0.0194654	0.29155	0.166067
-0.0195435	0.291725	0.1659
-0.0197281	0.292212	0.165457
-0.0197455	0.29235	0.165293
-0.0198955	0.292502	0.165165
-0.0200295	0.292596	0.165082
-0.0203134	0.292762	0.16489
-0.020427	0.292719	0.164836
-0.0207147	0.292668	0.164679
-0.0208304	0.292652	0.16462
-0.0207488	0.292662	0.164491
-0.0205722	0.292758	0.164292
-0.0201754	0.293236	0.163974
-0.0200179	0.293589	0.163742
-0.0200146	0.293672	0.163654
-0.0199969	0.293756	0.163562
-0.0199508	0.29379	0.16347
-0.0199413	0.293796	0.163477
-0.0199347	0.293726	0.16351
-0.0199265	0.29366	0.163534
-0.0197829	0.293498	0.163503
-0.01973	0.293456	0.163473
-0.0195981	0.293463	0.16337
-0.0194918	0.293489	0.163273
-0.0194036	0.293527	0.163104
-0.0192661	0.29356	0.162957
-0.0187763	0.293897	0.16148
-0.018616	0.294006	0.161286
-0.0183361	0.29427	0.160476
-0.0181506	0.29491	0.160016
-0.0182272	0.295666	0.158951
-0.0182919	0.295996	0.158318
-0.0182476	0.296386	0.158224
-0.0183075	0.296578	0.157831
-0.0184276	0.296881	0.157469
-0.0184355	0.297024	0.157502
-0.0184902	0.297018	0.157427
-0.0185655	0.297058	0.157399
-0.0185519	0.29723	0.157564
-0.018607	0.297354	0.157815
-0.0185055	0.29767	0.157519
-0.0185146	0.297709	0.157403
-0.0185091	0.298319	0.157077
-0.0189318	0.298786	0.156817
-0.0205471	0.300555	0.155668
-0.0234552	0.304717	0.15364
-0.0282789	0.314145	0.150071
-0.0502031	0.364115	0.152496
-0.0388817	0.328281	0.149613
-0.0391211	0.328207	0.149706
-0.0439799	0.331481	0.150001
-0.0475154	0.333689	0.150708
-0.0498151	0.334525	0.151476
-0.114099	0.307228	0.175213
-0.0839037	0.328278	0.163272
-0.0878464	0.326589	0.165442
-0.0959965	0.324508	0.167674
-0.0989856	0.323665	0.168667
-0.112215	0.319759	0.172079
-0.115099	0.320159	0.173514
-0.118045	0.320462	0.174748
-0.121783	0.320524	0.175815
-0.131511	0.317978	0.177295
-0.132929	0.318375	0.178033
-0.137289	0.318529	0.179133
-0.140015	0.318502	0.179429
-0.144814	0.322099	0.181508
-0.147954	0.32298	0.182282
-0.150693	0.323774	0.182983
-0.155058	0.324652	0.18328
-0.16189	0.324791	0.184637
-0.164496	0.326356	0.185497
-0.167337	0.326907	0.186174
-0.170209	0.32728	0.186737
-0.174872	0.329391	0.188851
-0.176065	0.329258	0.189217
-0.178616	0.32873	0.189412
-0.181155	0.328976	0.189897
-0.18658	0.329915	0.191296
-0.191762	0.330189	0.192496
-0.192515	0.330233	0.19242
-0.195033	0.331758	0.193242
-0.200723	0.334055	0.193387
-0.202751	0.3346	0.193443
-0.204036	0.33518	0.19364
-0.206386	0.335315	0.194244
-0.212745	0.333847	0.194827
-0.214867	0.333757	0.195484
-0.216303	0.332121	0.195067
-0.218228	0.330189	0.195135
-0.219975	0.332605	0.197504
-0.221256	0.325994	0.194523
-0.221553	0.327623	0.195982
-0.22282	0.325656	0.196088
-0.222905	0.330875	0.199437
-0.226157	0.324337	0.19677
-0.226125	0.324693	0.196874
-0.226911	0.324264	0.196664
-0.228835	0.323585	0.196315
-0.2295	0.323456	0.196108
-0.230413	0.323775	0.195237
-0.231188	0.327549	0.197216
-0.232026	0.331601	0.199667
-0.232216	0.332534	0.200384
-0.232337	0.332823	0.200629
-0.232804	0.326518	0.197435
-0.233599	0.31975	0.193914
-0.233732	0.319018	0.193521
-0.232341	0.328513	0.198584
-0.232909	0.329685	0.199183
-0.234474	0.321169	0.194194
-0.23466	0.321899	0.194425
-0.235833	0.326005	0.196804
-0.235828	0.326035	0.196859
-0.237935	0.322095	0.195245
-0.238717	0.324422	0.197111
-0.238744	0.324462	0.197244
-0.239348	0.324979	0.197866
-0.242253	0.326792	0.200332
-0.242801	0.326698	0.200596
-0.247981	0.334295	0.205323
-0.248726	0.332553	0.204805
-0.251041	0.327536	0.203357
-0.251485	0.3273	0.203395
-0.251803	0.326997	0.203393
-0.252795	0.324701	0.202798
-0.253675	0.320268	0.200732
-0.254029	0.320569	0.20103
-0.256548	0.322401	0.202434
-0.260707	0.328923	0.206251
-0.260982	0.320931	0.203237
-0.261176	0.321492	0.203669
-0.261281	0.321422	0.203634
-0.261274	0.321143	0.203531
-0.260836	0.32128	0.203113
-0.259389	0.31993	0.201683
-0.259362	0.320038	0.201563
-0.258901	0.321708	0.201714
-0.253073	0.359919	0.221137
-0.249213	0.320464	0.196833
-0.248938	0.320577	0.196776
-0.248046	0.318558	0.196068
-0.248172	0.321266	0.197792
-0.248439	0.319055	0.196846
-0.248407	0.316998	0.195741
-0.249778	0.316741	0.195621
-0.251426	0.31552	0.194172
-0.252209	0.315167	0.193782
-0.253167	0.314961	0.193168
-0.254225	0.315054	0.192357
-0.266302	0.331028	0.196222
-0.266756	0.329155	0.193937
-0.269672	0.333168	0.193265
-0.274798	0.338067	0.1916
-0.28258	0.343448	0.187653
-0.286165	0.344302	0.185476
-0.286758	0.343312	0.184087
-0.287453	0.342708	0.182214
-0.291888	0.342302	0.179385
-0.293398	0.342779	0.178154
-0.294294	0.343143	0.177485
-0.297772	0.341364	0.174388
-0.30231	0.336547	0.165494
-0.304559	0.335004	0.162391
-0.305229	0.333765	0.160428
-0.306317	0.332836	0.157879
-0.307797	0.331206	0.152082
-0.308091	0.330735	0.14976
-0.308341	0.330863	0.148254
-0.308397	0.331064	0.147393
-0.308721	0.331517	0.14473
-0.308877	0.331548	0.143539
-0.308973	0.331681	0.14285
-0.309436	0.331701	0.141564
-0.310397	0.331281	0.139113
-0.311184	0.33127	0.137879
-0.311573	0.331102	0.136458
-0.312262	0.330451	0.135205
-0.311836	0.32676	0.131477
-0.311956	0.326914	0.131149
-0.310757	0.324974	0.128833
-0.31053	0.324519	0.127067
-0.308603	0.324148	0.124367
-0.310321	0.328629	0.125199
-0.311027	0.330663	0.126319
-0.311418	0.332831	0.128695
-0.311172	0.332785	0.134678
-0.308709	0.332819	0.138991
-0.306314	0.332625	0.143299
-0.294122	0.337135	0.152186
-0.254875	0.357535	0.16681
-0.247769	0.360295	0.167642
-0.22148	0.330061	0.159717
-0.203503	0.340039	0.163848
-0.172865	0.325962	0.158854
-0.162537	0.322137	0.155636
-0.138601	0.340741	0.155266
-0.133692	0.342434	0.154897
-0.13017	0.322176	0.14533
-0.116841	0.324421	0.144
-0.115279	0.318903	0.142328
-0.111102	0.318325	0.140049
-0.0754055	0.327735	0.134995
-0.0985644	0.339616	0.13423
-0.069453	0.335931	0.132933
-0.0680409	0.33574	0.13282
-0.0667689	0.325787	0.130543
-0.0620934	0.328337	0.129666
-0.0594696	0.328587	0.128735
-0.0199426	0.380701	0.0451031
-0.0500415	0.324699	0.122887
-0.0457132	0.323096	0.120978
-0.043562	0.319414	0.119327
-0.0402833	0.318053	0.11777
-0.0384972	0.314568	0.116425
-0.0351983	0.313575	0.115067
-0.0339474	0.312306	0.11419
-0.0338362	0.31161	0.113978
-0.0330161	0.31104	0.113443
-0.0329527	0.311043	0.113333
-0.0329376	0.311041	0.113264
-0.0320415	0.311707	0.112156
-0.0315209	0.312079	0.111488
-0.031564	0.311966	0.11155
-0.0316661	0.31179	0.111611
-0.0317541	0.31167	0.111761
-0.0319268	0.311586	0.111803
-0.032517	0.311523	0.111796
-0.0330488	0.311242	0.111932
-0.0329173	0.311413	0.111962
-0.0331662	0.311697	0.111967
-0.0329511	0.312082	0.112013
-0.0327058	0.312402	0.112117
-0.0323809	0.312665	0.112083
-0.0326153	0.312574	0.111529
-0.0324968	0.312502	0.111681
-0.0326898	0.312321	0.111813
-0.0326082	0.312305	0.111867
-0.0334618	0.31127	0.112427
-0.0332962	0.311254	0.11254
-0.03357	0.311019	0.112702
-0.0338763	0.310676	0.112863
-0.0342851	0.310305	0.112971
-0.0344359	0.310251	0.11306
-0.0339769	0.310442	0.112898
-0.0340892	0.310301	0.113018
-0.0328692	0.311157	0.112509
-0.0329228	0.311029	0.11264
-0.0325486	0.311179	0.112591
-0.0328082	0.310749	0.112637
-0.0333493	0.309773	0.112835
-0.0334794	0.309488	0.113039
-0.0336142	0.309244	0.113145
-0.0338211	0.309068	0.11329
-0.0340517	0.308788	0.113391
-0.0341752	0.308747	0.113649
-0.0342637	0.308595	0.113826
-0.0342924	0.308562	0.113851
-0.0343431	0.308578	0.113971
-0.0343558	0.308435	0.114161
-0.0343073	0.308285	0.114296
-0.0343415	0.308358	0.114328
-0.0343433	0.308333	0.114524
-0.0344051	0.308338	0.114634
-0.0344696	0.308346	0.114838
-0.0344877	0.308271	0.11501
-0.0344397	0.308201	0.115295
-0.031994	0.309386	0.115456
-0.032422	0.308851	0.115805
-0.0291823	0.310036	0.116083
-0.0269717	0.310006	0.11674
-0.0278785	0.308966	0.11724
-0.0274656	0.30878	0.11765
-0.0266486	0.309205	0.117796
-0.0266268	0.308706	0.118284
-0.0254601	0.309364	0.118325
-0.0247201	0.309715	0.118353
-0.0244533	0.309821	0.118341
-0.0250754	0.309835	0.1191
-0.0259877	0.309327	0.119304
-0.0250569	0.30965	0.119291
-0.024474	0.309852	0.119318
-0.0236692	0.310716	0.119502
-0.0258373	0.309411	0.120101
-0.0264415	0.308859	0.120164
-0.0260839	0.30896	0.120307
-0.0257174	0.309569	0.120702
-0.0264006	0.309194	0.120869
-0.026507	0.309345	0.121038
-0.025895	0.309721	0.120997
-0.0244941	0.310707	0.120982
-0.0242093	0.310909	0.120942
-0.0236454	0.311155	0.120927
-0.0232321	0.311461	0.120907
-0.0272934	0.309292	0.121532
-0.0278685	0.309001	0.121469
-0.0264338	0.310502	0.121031
-0.0253546	0.311109	0.120619
-0.0247214	0.311852	0.120415
-0.0241323	0.312148	0.120357
-0.0236115	0.312291	0.1203
-0.0232674	0.312462	0.120216
-0.0220942	0.312827	0.120197
-0.0216609	0.312675	0.120169
-0.0209942	0.312567	0.120154
-0.0205257	0.312356	0.120239
-0.0198231	0.311987	0.120286
-0.0197648	0.311993	0.12031
-0.0195799	0.311863	0.120287
-0.0194517	0.311802	0.120252
-0.0191856	0.311611	0.120196
-0.0189937	0.311656	0.120162
-0.0188862	0.311572	0.120044
-0.0185253	0.311157	0.119815
-0.0180864	0.310091	0.119478
-0.0179815	0.309696	0.119393
-0.0171734	0.307655	0.118884
-0.0163762	0.305889	0.117636
-0.0159056	0.30413	0.117258
-0.0153492	0.302729	0.116998
-0.0149892	0.302032	0.1168
-0.0143961	0.301424	0.115777
-0.0137216	0.300165	0.115566
-0.0131628	0.299216	0.115367
-0.0127726	0.298595	0.11454
-0.0119909	0.297113	0.113876
-0.0104448	0.294101	0.111424
-0.00999641	0.293652	0.110886
-0.00967509	0.292032	0.110306
-0.0091975	0.291084	0.110004
-0.00845662	0.290104	0.109433
-0.00793409	0.288417	0.10855
-0.00710684	0.287339	0.108789
0.0274036	0.326914	0.165448
0.00537995	0.300746	0.138808
0.0149436	0.326964	0.151516
0.0132032	0.311824	0.150571
-0.0029572	0.280795	0.109712
0.0620498	0.301772	0.094302
0.00291309	0.268706	0.100568
0.0530577	0.308492	0.151633
0.00467581	0.267786	0.0976615
0.00455251	0.267825	0.09855
0.00436258	0.267725	0.0986619
0.0039731	0.267559	0.0988153
0.0580009	0.29995	0.0928984
0.00375438	0.268468	0.100788
0.00375026	0.268556	0.100726
0.0609903	0.302424	0.0942303
0.0195083	0.294716	0.142156
0.00492766	0.286821	0.103837
0.00446659	0.289918	0.104723
0.00338557	0.297984	0.105675
0.00387684	0.310277	0.107471
-0.00157103	0.32409	0.11525
0.00197342	0.332425	0.117723
0.00738004	0.346235	0.117258
0.010532	0.354003	0.118597
0.0151671	0.359903	0.118564
0.0113121	0.360337	0.121742
0.0113142	0.368803	0.124456
0.0141293	0.374615	0.125167
-0.0144592	0.381639	0.142768
-0.0129031	0.385326	0.144755
0.0102534	0.400258	0.131768
0.0102674	0.400871	0.131958
0.0108514	0.406168	0.132096
0.0107316	0.408973	0.132113
0.0106986	0.412112	0.131935
0.0104478	0.415368	0.132154
0.00762251	0.420033	0.132815
0.00670379	0.421233	0.132965
0.00452301	0.42427	0.133644
0.00124887	0.427484	0.134638
-0.00209498	0.432255	0.136711
-0.0132313	0.450207	0.147042
-0.0118721	0.448628	0.145539
-0.0116293	0.448521	0.145358
-0.0112844	0.448812	0.144956
-0.01169	0.449132	0.144994
-0.011723	0.450529	0.144952
-0.011721	0.451452	0.144933
-0.0145999	0.449502	0.143671
-0.0150368	0.451627	0.144006
-0.0152017	0.452725	0.144232
-0.0154076	0.453935	0.144279
-0.0277825	0.451515	0.145221
-0.0349512	0.444262	0.144468
-0.0391315	0.441344	0.144498
-0.0426793	0.439772	0.145421
-0.0499649	0.433422	0.14456
-0.0500219	0.434719	0.145179
-0.0514751	0.435121	0.14558
-0.0511531	0.43746	0.146774
-0.0526029	0.435886	0.146586
-0.0520521	0.436032	0.146705
-0.0503331	0.436325	0.147878
-0.0623528	0.497562	0.195149
-0.0234628	0.457063	0.155505
-0.0212617	0.460025	0.155875
-0.0763139	0.390719	0.142639
-0.0136018	0.468747	0.154833
-0.0136655	0.468767	0.155322
-0.0130053	0.470913	0.156803
-0.0277185	0.449003	0.152848
-0.028876	0.447369	0.152451
-0.02939	0.445798	0.152668
-0.0291506	0.445488	0.152802
-0.0287438	0.445131	0.153055
-0.0279843	0.444969	0.15334
-0.0248535	0.445619	0.153881
-0.0235014	0.447017	0.15395
-0.0214067	0.448855	0.15381
-0.0194609	0.450529	0.153004
-0.0245691	0.440616	0.143365
-0.0235895	0.443874	0.14366
-0.0270337	0.443162	0.138974
-0.0260941	0.445707	0.139842
-0.0258335	0.448319	0.140248
0.00146753	0.467813	0.166082
0.00265095	0.46833	0.166917
-0.0108152	0.464848	0.151652
-0.0242946	0.436233	0.135173
-0.0198814	0.447796	0.139898
-0.0176232	0.455136	0.143181
-0.0181915	0.454596	0.143249
-0.0194846	0.455044	0.145002
-0.0188512	0.456154	0.145602
-0.0181567	0.45686	0.145999
-0.0206616	0.440584	0.140171
-0.0145175	0.44931	0.144496
-0.0121194	0.452812	0.145944
-0.0101437	0.454643	0.146545
-0.00774029	0.455666	0.146797
-0.00270221	0.454797	0.146445
-0.00033915	0.448849	0.143861
0.00191924	0.449893	0.144216
0.00455099	0.450871	0.144803
0.00880557	0.451035	0.145564
0.0098412	0.451118	0.145896
0.0110555	0.450954	0.146278
0.0121268	0.450768	0.14658
0.0138734	0.446473	0.145784
0.0146635	0.446898	0.146044
0.0157335	0.447692	0.146343
0.0177441	0.449066	0.146871
0.0211758	0.450484	0.147441
0.0221309	0.450786	0.147562
0.0265939	0.454078	0.148591
0.027164	0.453413	0.148396
0.0254997	0.443998	0.144518
0.0268409	0.445487	0.145298
0.0300407	0.450258	0.147393
0.0271746	0.443806	0.144962
0.0327633	0.452383	0.148914
0.032828	0.452101	0.149105
0.034576	0.454254	0.15063
0.0334589	0.448258	0.148693
0.0359344	0.451784	0.151085
0.0304184	0.443522	0.14882
0.0329618	0.446474	0.150491
0.0348309	0.450172	0.151929
0.0362513	0.452514	0.153084
0.036105	0.452343	0.152958
0.0361717	0.45265	0.153154
0.0353363	0.451612	0.15277
0.0363636	0.453492	0.153561
0.0360779	0.453139	0.153289
0.0364621	0.453606	0.153528
0.0366372	0.453997	0.153649
0.0370419	0.453903	0.153597
0.0376244	0.45456	0.153808
0.0377212	0.454336	0.15378
0.0378458	0.454118	0.153763
0.0381073	0.453528	0.153782
0.0381069	0.453072	0.153796
0.0383862	0.453125	0.154028
0.0383314	0.452909	0.154062
0.0318804	0.440276	0.149655
0.0349516	0.444754	0.152321
0.0351714	0.44513	0.152615
0.0362909	0.446493	0.153599
0.0377316	0.448661	0.154685
0.038113	0.44926	0.154994
0.0380856	0.449166	0.15502
0.0389158	0.450467	0.155516
0.0386061	0.449785	0.155464
0.0383824	0.449458	0.155432
0.0385773	0.449687	0.155735
0.038537	0.449607	0.155744
0.038034	0.448292	0.155488
0.0376308	0.447619	0.155302
0.0375534	0.447189	0.155544
0.0374833	0.446674	0.155799
0.0366304	0.443674	0.157738
0.0366571	0.443451	0.158213
0.0357579	0.44121	0.158746
0.0354502	0.441047	0.159595
0.0352563	0.441098	0.160567
0.0352591	0.4411	0.160936
0.0352177	0.441188	0.161092
0.0352386	0.441154	0.161154
0.0351903	0.441524	0.161379
0.036167	0.443133	0.162187
0.0366822	0.444297	0.16257
0.0366102	0.444239	0.162442
0.0365795	0.444185	0.162127
0.0367469	0.443921	0.161839
0.0368919	0.443379	0.161476
0.0369844	0.443291	0.161425
0.0376434	0.44275	0.161423
0.0377213	0.442702	0.161468
0.0378996	0.4425	0.161524
0.0379615	0.442237	0.161549
0.0379517	0.441238	0.161856
0.0378821	0.441095	0.162254
0.037936	0.440845	0.162624
0.0378127	0.440501	0.16338
0.0379716	0.439867	0.165689
0.038509	0.440378	0.167771
0.0381519	0.43964	0.168468
0.0383815	0.439883	0.169963
0.036489	0.437611	0.172052
0.0355014	0.436007	0.172903
0.0352681	0.43552	0.173869
0.0365871	0.438228	0.179008
0.0364546	0.437113	0.18114
0.0366531	0.436733	0.182076
0.0362867	0.435758	0.182055
0.0360256	0.435192	0.182227
0.0383292	0.436957	0.186463
0.0383655	0.436504	0.186728
0.0391408	0.437559	0.188643
0.0383783	0.435327	0.189265
0.0384079	0.435335	0.192125
0.0386708	0.435004	0.19369
0.0387937	0.432791	0.195539
0.0390731	0.432721	0.196122
0.0424622	0.43366	0.200956
0.0429661	0.432449	0.202047
0.04492	0.433025	0.203943
0.0461743	0.433216	0.20511
0.0496216	0.431425	0.208308
0.0510114	0.43159	0.209175
0.0516477	0.431712	0.209503
0.0516359	0.429801	0.210006
0.0540378	0.42997	0.211159
0.054976	0.4304	0.211555
0.0559791	0.430217	0.21213
0.0565589	0.430279	0.212463
0.0584569	0.429528	0.214255
0.0591972	0.425249	0.21539
0.0597815	0.423164	0.215899
0.0618768	0.423903	0.218078
0.0648209	0.423512	0.22224
0.0635938	0.418217	0.223328
0.0626494	0.414924	0.222541
0.0626924	0.415013	0.226916
0.0641915	0.419017	0.235491
0.0659964	0.422941	0.238178
0.0654544	0.421791	0.238107
0.0655487	0.420953	0.238522
0.0689834	0.424617	0.246174
0.0706683	0.424891	0.247773
0.0708887	0.424715	0.248054
0.0743208	0.431853	0.253884
0.0762885	0.433778	0.258183
0.0742238	0.423844	0.255006
0.0742518	0.421739	0.255008
0.0760972	0.426162	0.261181
0.0754302	0.419805	0.262359
0.0755377	0.418837	0.264425
0.0756902	0.41778	0.265614
0.0755704	0.417169	0.266206
0.0753544	0.414269	0.268313
0.0750405	0.413358	0.269555
0.074863	0.412371	0.270428
0.0748276	0.412194	0.270878
0.0744238	0.410551	0.272888
0.0748313	0.411726	0.274954
0.0746289	0.411415	0.274842
0.0748289	0.409967	0.274541
0.0749519	0.411015	0.275453
0.075544	0.415386	0.279677
0.0760167	0.417759	0.281689
0.0751586	0.415725	0.281047
0.0768799	0.418442	0.286659
0.0771996	0.419466	0.287765
0.0772936	0.419667	0.28874
0.0777753	0.419579	0.289752
0.0788021	0.418674	0.294018
0.0777686	0.409976	0.286395
0.0794263	0.413653	0.292527
0.0792137	0.413506	0.293852
0.0808553	0.4117	0.294023
0.0797323	0.405128	0.287638
0.0792001	0.403653	0.286948
0.0786435	0.401188	0.286673
0.0777853	0.398427	0.28729
0.0774742	0.396877	0.286649
0.0768549	0.39627	0.287533
0.0766008	0.395654	0.287496
0.0761934	0.39449	0.286948
0.0759898	0.393955	0.28665
0.0757255	0.39313	0.286323
0.0757311	0.392867	0.286308
0.0768114	0.393024	0.289297
0.0772173	0.397246	0.295846
0.0777229	0.398986	0.299016
0.0777909	0.399453	0.300141
0.0781332	0.400594	0.302658
0.0778721	0.397979	0.299449
0.0777084	0.396552	0.298044
0.0777328	0.397528	0.300186
0.0780455	0.394932	0.300725
0.0788396	0.395983	0.303908
0.0792241	0.395411	0.303872
0.0793439	0.393823	0.302826
0.080466	0.392429	0.303781
0.0806754	0.393194	0.305981
0.0803364	0.391447	0.303464
0.0806069	0.391782	0.305048
0.0803029	0.388665	0.302729
0.0805358	0.389315	0.306528
0.0804351	0.388038	0.306348
0.0801712	0.387465	0.305417
0.0803908	0.383948	0.304273
0.0802653	0.383788	0.304168
0.0806248	0.381982	0.304457
0.0810716	0.381272	0.30443
0.0804033	0.380379	0.305429
0.0812413	0.37979	0.307515
0.0803571	0.380084	0.309053
0.0791673	0.380231	0.310117
0.077648	0.380754	0.311001
0.0770972	0.381377	0.311633
0.0767433	0.381905	0.31219
0.0765308	0.382176	0.312301
0.077449	0.38064	0.312783
0.0784165	0.379627	0.313651
0.0798688	0.38085	0.315923
0.0805099	0.380767	0.315593
0.0815511	0.379717	0.314783
0.0814013	0.37997	0.314639
0.0809913	0.380406	0.314363
0.0799011	0.381525	0.313814
0.0777912	0.383401	0.313688
0.0773176	0.383671	0.313557
0.0763152	0.384012	0.312998
0.0754178	0.384569	0.312802
0.0744028	0.386237	0.312313
0.0741193	0.386488	0.312377
0.0739706	0.386847	0.312445
0.0738438	0.387123	0.312549
0.0735515	0.387427	0.312918
0.0733358	0.387432	0.313152
0.0730255	0.387316	0.313465
0.0727117	0.387147	0.313699
0.0719569	0.387234	0.314534
0.0713537	0.386878	0.315001
0.0712652	0.386806	0.315233
0.0708092	0.386471	0.31572
0.0700454	0.385802	0.316443
0.0696732	0.385241	0.316869
0.0694019	0.385106	0.317086
0.0695947	0.384854	0.318824
0.0683527	0.383523	0.319556
0.0679572	0.383626	0.31967
0.0674365	0.383663	0.31971
0.0672259	0.383567	0.320033
0.0662206	0.383777	0.320365
0.0659602	0.383944	0.320533
0.0651799	0.383845	0.320678
0.0646585	0.383867	0.32084
0.0632995	0.384192	0.320418
0.0625284	0.383791	0.320282
0.0623803	0.383803	0.320554
0.062357	0.383855	0.320662
0.0623	0.383798	0.320878
0.0623299	0.383795	0.321126
0.0622832	0.383531	0.321525
0.0622697	0.383335	0.321527
0.0623226	0.383118	0.322127
0.0623856	0.382827	0.322305
0.0623176	0.382873	0.322563
0.0621379	0.382652	0.322549
0.0630728	0.382326	0.324611
0.0631153	0.382189	0.325274
0.0631331	0.382141	0.325239
0.0629951	0.382239	0.3253
0.0633897	0.38172	0.325684
0.0644421	0.381535	0.326301
0.0655149	0.381411	0.326589
0.0662397	0.381256	0.32669
0.0706173	0.379857	0.325329
0.0752362	0.37896	0.324061
0.083103	0.37805	0.324023
0.0871556	0.376684	0.324159
0.100774	0.372227	0.323977
0.106898	0.369557	0.323334
0.111895	0.366548	0.322594
0.115718	0.363967	0.320594
0.12146	0.359347	0.318894
0.126307	0.356516	0.320621
0.129743	0.355186	0.320107
0.134967	0.352433	0.322328
0.137879	0.350043	0.323984
0.138823	0.349292	0.324827
0.140308	0.347164	0.326612
0.141307	0.344992	0.328671
0.142447	0.342058	0.331379
0.143721	0.339759	0.333152
0.145731	0.338573	0.334877
0.147276	0.336442	0.336648
0.148885	0.333992	0.338891
0.150113	0.332593	0.340354
0.151374	0.330794	0.341565
0.15268	0.329327	0.342734
0.155789	0.323726	0.346473
0.157091	0.320354	0.348032
0.157933	0.317422	0.34967
0.158586	0.315265	0.351156
0.158361	0.310345	0.355024
0.158247	0.309006	0.35593
0.157797	0.307064	0.357383
0.157305	0.304282	0.358984
0.15787	0.301412	0.361971
0.158252	0.299719	0.363722
0.158674	0.298422	0.364647
0.158477	0.296376	0.36615
0.160619	0.291077	0.370292
0.161705	0.289011	0.371841
0.161752	0.288672	0.372113
0.162544	0.286355	0.373624
0.163371	0.284427	0.374873
0.16342	0.284424	0.374731
0.163568	0.28425	0.373649
0.164762	0.28333	0.373822
0.167873	0.27792	0.373092
0.168469	0.277406	0.3732
0.16921	0.276592	0.373328
0.17007	0.275372	0.373649
0.173774	0.270114	0.376252
0.173312	0.269668	0.375252
0.173288	0.268851	0.375188
0.173283	0.268576	0.375372
0.173612	0.267997	0.375439
0.17372	0.267796	0.375126
0.173642	0.267837	0.375091
0.173629	0.267765	0.374845
0.174603	0.267545	0.375967
0.174864	0.267504	0.375941
0.175301	0.267021	0.375783
0.176091	0.266567	0.376325
0.177876	0.264765	0.37655
0.178077	0.264576	0.376476
0.178446	0.264032	0.376287
0.179105	0.263422	0.376428
0.182151	0.260577	0.378326
0.182858	0.259954	0.378497
0.18335	0.258935	0.378286
0.183813	0.258278	0.378496
0.185898	0.255392	0.378704
0.186231	0.255215	0.378951
0.187663	0.254283	0.379393
0.188277	0.253943	0.379697
0.191144	0.250133	0.382965
0.191718	0.250733	0.383043
0.1915	0.250787	0.382896
0.191401	0.250577	0.382779
0.192283	0.249272	0.383435
0.192802	0.248392	0.384075
0.192835	0.2472	0.38483
0.192229	0.246465	0.384757
0.19404	0.241394	0.387599
0.193054	0.242173	0.386947
0.192885	0.241852	0.387012
0.192356	0.241628	0.386535
0.192817	0.240431	0.387319
0.192975	0.239882	0.387441
0.193131	0.239634	0.387496
0.193244	0.239127	0.387688
0.195007	0.237046	0.388286
0.19285	0.23426	0.385226
0.191478	0.232318	0.383376
0.192141	0.231593	0.384226
0.193192	0.228714	0.384726
0.194549	0.227956	0.385648
0.192335	0.224186	0.382037
0.191963	0.223291	0.381192
0.191487	0.221355	0.378977
0.191749	0.219965	0.377942
0.192239	0.218549	0.377406
0.192414	0.218017	0.377445
0.192856	0.216762	0.377313
0.193182	0.215783	0.377014
0.193782	0.214482	0.37642
0.193854	0.213792	0.375798
0.196069	0.211323	0.37486
0.197414	0.209707	0.374801
0.198371	0.209162	0.374641
0.198799	0.208561	0.374521
0.19963	0.207197	0.373541
0.199904	0.206897	0.373298
0.200972	0.205665	0.373289
0.201964	0.204648	0.373
0.203797	0.203735	0.372699
0.205434	0.203275	0.371942
0.206819	0.20282	0.370919
0.208626	0.202866	0.369981
0.211139	0.201888	0.368363
0.212258	0.201382	0.367634
0.213637	0.200264	0.366638
0.215326	0.198909	0.365564
0.2217	0.192464	0.361623
0.22538	0.188888	0.358324
0.226333	0.186775	0.356541
0.228881	0.181365	0.353265
0.231028	0.177243	0.348844
0.231408	0.17591	0.347873
0.231085	0.17539	0.346534
0.230846	0.173625	0.345899
0.230884	0.170927	0.344249
0.23071	0.168715	0.342976
0.231049	0.166947	0.340439
0.231234	0.1658	0.339499
0.232397	0.161811	0.333154
0.23307	0.159593	0.33088
0.233229	0.158523	0.328622
0.233123	0.156554	0.327218
0.23307	0.155255	0.323597
0.232868	0.154111	0.322949
0.23296	0.1529	0.321713
0.233033	0.152866	0.320649
0.233428	0.151999	0.318536
0.233561	0.15148	0.318376
0.23351	0.15115	0.318595
0.233464	0.151065	0.318402
0.233665	0.150534	0.3183
0.233782	0.150827	0.317856
0.233714	0.150268	0.318409
0.233948	0.149908	0.318691
0.233999	0.15117	0.316981
0.23352	0.150684	0.316788
0.233193	0.151209	0.31503
0.233064	0.150591	0.314546
0.233006	0.14874	0.311782
0.233278	0.148223	0.310922
0.233433	0.147949	0.310033
0.233485	0.148007	0.309274
0.233991	0.151344	0.306156
0.234161	0.152238	0.305214
0.234032	0.151814	0.304907
0.234238	0.151471	0.304376
0.235461	0.151827	0.301385
0.236118	0.151465	0.297904
0.236805	0.149937	0.293909
0.237267	0.146262	0.291041
0.237481	0.142024	0.282174
0.23757	0.14148	0.279883
0.237683	0.13892	0.27786
0.238288	0.136637	0.276284
0.239304	0.132961	0.272295
0.239235	0.130998	0.271764
0.239718	0.130901	0.270124
0.239264	0.128019	0.270418
0.240367	0.130217	0.264781
0.239946	0.130066	0.261129
0.239846	0.130741	0.259747
0.239672	0.131094	0.256731
0.237921	0.128782	0.252135
0.237652	0.128631	0.251056
0.237293	0.129407	0.24772
0.237531	0.130729	0.244406
0.237314	0.129732	0.241389
0.236698	0.130054	0.23974
0.236561	0.130667	0.237096
0.236168	0.130132	0.234758
0.235537	0.128563	0.230839
0.233135	0.124561	0.232069
0.232367	0.122776	0.231717
0.230953	0.121316	0.229834
0.230096	0.117377	0.228261
0.230135	0.11666	0.227838
0.23038	0.11572	0.227107
0.231072	0.11482	0.226098
0.231815	0.113657	0.225074
0.231936	0.113293	0.224781
0.232011	0.11307	0.224652
0.232043	0.112978	0.224628
0.231998	0.112729	0.224653
0.231892	0.112349	0.224691
0.231878	0.112307	0.224685
0.23202	0.111994	0.224603
0.23229	0.111629	0.224445
0.2323	0.111565	0.224365
0.2324	0.111657	0.224258
0.232455	0.111678	0.224164
0.232671	0.112234	0.223706
0.233548	0.115682	0.218635
0.233151	0.115349	0.219303
0.23326	0.115351	0.21937
0.233267	0.115035	0.219266
0.2331	0.114827	0.219227
0.233031	0.114647	0.219193
0.232985	0.114609	0.219219
0.234151	0.118127	0.213536
0.234546	0.119934	0.209699
0.233771	0.11842	0.210489
0.233249	0.11712	0.211748
0.233344	0.117968	0.211192
0.232549	0.116234	0.212655
0.232934	0.117685	0.21045
0.232579	0.11666	0.21184
0.232469	0.117454	0.209728
0.232833	0.117924	0.208015
0.233547	0.119276	0.204575
0.233985	0.119607	0.203353
0.232435	0.115483	0.205159
0.231706	0.114553	0.205039
0.231261	0.11402	0.204662
0.231006	0.11392	0.204592
0.230895	0.114429	0.20289
0.232219	0.117985	0.19825
0.23169	0.116828	0.199671
0.232397	0.11877	0.197423
0.231934	0.117503	0.198394
0.231112	0.11485	0.201097
0.231072	0.115629	0.199706
0.230557	0.114269	0.20135
0.230071	0.111384	0.203102
0.230095	0.110614	0.203593
0.229985	0.110059	0.204246
0.230022	0.109867	0.204172
0.230951	0.111941	0.20094
0.231043	0.111519	0.201624
0.230868	0.111714	0.202116
0.231729	0.114331	0.19915
0.231181	0.112757	0.201206
0.231109	0.112364	0.20175
0.231781	0.114472	0.199232
0.232682	0.115928	0.197097
0.231897	0.114223	0.198787
0.232541	0.11558	0.197062
0.233288	0.116091	0.19578
0.233944	0.1172	0.194111
0.233408	0.114817	0.196468
0.233575	0.115089	0.196284
0.233047	0.113837	0.197867
0.23345	0.115557	0.196123
0.233233	0.11635	0.195849
0.232669	0.114748	0.198451
0.232066	0.112934	0.201119
0.231603	0.111922	0.203036
0.231677	0.111983	0.204272
0.231474	0.111339	0.205348
0.231725	0.113337	0.204136
0.232602	0.114991	0.202403
0.231818	0.109102	0.20829
0.231554	0.108306	0.208894
0.231408	0.106745	0.210036
0.230551	0.105385	0.211542
0.229235	0.103691	0.214546
0.228803	0.103417	0.215984
0.228371	0.103355	0.216832
0.227444	0.103521	0.219196
0.225008	0.104107	0.223347
0.224376	0.104436	0.224284
0.22373	0.105372	0.225855
0.223094	0.106542	0.226712
0.222065	0.109456	0.228287
0.222202	0.113656	0.226847
0.221224	0.114619	0.228295
0.221491	0.116924	0.227779
0.220336	0.116823	0.229161
0.219871	0.117726	0.229553
0.219338	0.118439	0.229915
0.219441	0.120769	0.229376
0.218801	0.122201	0.229334
0.218491	0.121715	0.229797
0.217984	0.122863	0.229739
0.217559	0.122545	0.229776
0.217593	0.122772	0.22895
0.218367	0.122713	0.227954
0.218857	0.122701	0.227318
0.2194	0.122283	0.2266
0.221135	0.119683	0.225806
0.221501	0.118797	0.225681
0.22215	0.117107	0.225975
0.22285	0.11576	0.226271
0.222922	0.113601	0.227502
0.223465	0.114706	0.227505
0.223466	0.113788	0.228178
0.22359	0.113383	0.228399
0.223569	0.112059	0.228713
0.223465	0.111614	0.228641
0.223589	0.111063	0.228436
0.223476	0.110556	0.228285
0.224067	0.112322	0.227802
0.224028	0.11215	0.227786
0.223918	0.11186	0.227834
0.224103	0.112582	0.227573
0.224146	0.115783	0.227523
0.224163	0.116386	0.227507
0.223898	0.117017	0.227616
0.223021	0.116541	0.22819
0.223227	0.11862	0.228166
0.223043	0.118804	0.228086
0.223509	0.119392	0.228077
0.223519	0.119653	0.228092
0.223781	0.120828	0.228035
0.222781	0.119216	0.228332
0.222619	0.11909	0.228158
0.22278	0.11958	0.227978
0.222871	0.120494	0.227689
0.223046	0.120766	0.227739
0.223451	0.121662	0.227509
0.222809	0.121078	0.228055
0.222619	0.12184	0.228797
0.222611	0.122099	0.22922
0.221981	0.121349	0.229842
0.221719	0.120884	0.230298
0.22004	0.118654	0.232158
0.220544	0.119733	0.231994
0.220086	0.119951	0.232388
0.220071	0.120676	0.232406
0.22089	0.122856	0.23233
0.220259	0.121865	0.232854
0.220408	0.122734	0.232887
0.220164	0.123982	0.233071
0.219386	0.125488	0.233383
0.218869	0.126445	0.233777
0.218748	0.126899	0.233839
0.217772	0.128204	0.234209
0.215725	0.128069	0.235817
0.214452	0.127069	0.237098
0.213612	0.126315	0.237657
0.21304	0.12686	0.237946
0.211335	0.128842	0.238797
0.20872	0.128405	0.24093
0.206699	0.129015	0.243095
0.205147	0.129918	0.245272
0.202604	0.131347	0.249123
0.202174	0.131636	0.249758
0.201289	0.131899	0.250957
0.20059	0.132172	0.251842
0.192775	0.136692	0.251972
0.188598	0.136112	0.254289
0.186329	0.135443	0.255184
0.184544	0.135159	0.255959
0.182348	0.135346	0.257385
0.181787	0.135633	0.257982
0.180913	0.135703	0.25829
0.17905	0.136121	0.258513
0.177616	0.137119	0.25909
0.176692	0.138493	0.259418
0.174723	0.139971	0.259781
0.173487	0.140431	0.259976
0.168912	0.14376	0.261007
0.16713	0.145455	0.261917
0.166275	0.146413	0.262606
0.163805	0.148015	0.263359
0.162853	0.155347	0.263557
0.160142	0.155372	0.265247
0.157971	0.155809	0.266207
0.156647	0.15669	0.267054
0.147025	0.158313	0.268401
0.14659	0.158871	0.268855
0.143782	0.159034	0.269392
0.140344	0.159616	0.269424
0.141676	0.169545	0.267527
0.140334	0.169349	0.268417
0.141681	0.173827	0.267477
0.142081	0.175247	0.266962
0.137034	0.174797	0.268333
0.13481	0.172741	0.269007
0.135299	0.17773	0.268291
0.12399	0.172998	0.26932
0.118186	0.175258	0.269232
0.11711	0.180548	0.268769
0.114936	0.180191	0.268631
0.113567	0.180196	0.269878
0.110244	0.179339	0.271563
0.110885	0.180614	0.271569
0.111833	0.181955	0.271591
0.109215	0.17923	0.272241
0.109239	0.185939	0.271926
0.107713	0.188079	0.271347
0.107009	0.19018	0.271573
0.105707	0.191573	0.271633
0.105238	0.19295	0.270545
0.0987367	0.184045	0.270812
0.0987275	0.184488	0.269844
0.0986577	0.184959	0.269311
0.0983289	0.185778	0.268336
0.0981535	0.185976	0.268216
0.097466	0.186143	0.267966
0.0970341	0.186517	0.267809
0.094731	0.187046	0.267098
0.0940579	0.187274	0.266889
0.0929125	0.187998	0.26671
0.0925869	0.188336	0.266709
0.0908719	0.189387	0.266395
0.0900788	0.189765	0.266143
0.0893955	0.189996	0.265754
0.0890785	0.190284	0.265419
0.0903167	0.195016	0.263368
0.0915867	0.198462	0.262274
0.0906622	0.20038	0.261839
0.0890829	0.201374	0.261146
0.0858523	0.203127	0.261036
0.0839977	0.204507	0.261204
0.0834401	0.206554	0.261442
0.0822563	0.207045	0.2619
0.0806488	0.207837	0.262951
0.0798317	0.208698	0.26319
0.0792139	0.209803	0.263748
0.0768214	0.20855	0.263772
0.0752548	0.208745	0.264814
0.0754427	0.209134	0.26515
0.0760103	0.209828	0.265383
0.0750474	0.208685	0.265578
0.0739981	0.20728	0.266004
0.0746277	0.208031	0.26664
0.0737868	0.207068	0.266534
0.0741375	0.207491	0.266885
0.0710659	0.207694	0.267283
0.0703494	0.208324	0.268184
0.0684294	0.209007	0.268718
0.0662406	0.210085	0.269299
0.0575551	0.207812	0.26791
0.0568767	0.208837	0.26824
0.0566944	0.209552	0.268376
0.0568998	0.209743	0.268662
0.0554343	0.208016	0.268621
0.0547501	0.20742	0.268789
0.0552555	0.208253	0.269111
0.0553783	0.209065	0.269713
0.053363	0.208617	0.268961
0.0534349	0.209534	0.269101
0.0535137	0.209859	0.269143
0.0536769	0.21072	0.269096
0.0520993	0.210258	0.268706
0.0519637	0.210666	0.268647
0.0519359	0.210988	0.268679
0.0522985	0.211402	0.268886
0.0511401	0.212504	0.268929
0.0502358	0.212974	0.268762
0.047868	0.21241	0.267965
0.0459582	0.21346	0.267531
0.0440696	0.214825	0.26793
0.0434088	0.214954	0.268104
0.0434841	0.215176	0.268283
0.0433886	0.216871	0.268765
0.038901	0.221067	0.268074
0.0338496	0.225681	0.265901
0.0288752	0.228159	0.264183
0.0188099	0.234496	0.2614
-1.44839e-05	0.243757	0.258507
-0.00443822	0.248263	0.25954
-0.00724497	0.251856	0.260514
-0.00825047	0.253342	0.260662
-0.0128569	0.258481	0.260732
-0.0142078	0.260492	0.26112
-0.0152602	0.261837	0.261405
-0.0159895	0.262499	0.261408
-0.0176893	0.265706	0.260705
-0.0183648	0.267144	0.259952
-0.0189952	0.268272	0.259294
-0.0193301	0.269482	0.258478
-0.0197253	0.270935	0.258057
-0.0199428	0.271814	0.258128
-0.0200098	0.272221	0.258091
-0.0201839	0.272409	0.258187
-0.0226632	0.271119	0.25734
-0.0226207	0.271534	0.25755
-0.0236219	0.271053	0.257497
-0.0236223	0.271192	0.257552
-0.0244427	0.270991	0.257646
-0.0246779	0.271006	0.257487
-0.0248808	0.271273	0.257339
-0.0251326	0.271642	0.257128
-0.0257052	0.272777	0.256312
-0.0258266	0.273495	0.256024
-0.0260656	0.274274	0.255464
-0.0266542	0.274849	0.255037
-0.0276732	0.275802	0.254658
-0.0280126	0.276198	0.254811
-0.028422	0.276642	0.255432
-0.028691	0.277	0.256051
-0.0289298	0.277737	0.256676
-0.0291941	0.278431	0.256888
-0.0293583	0.278959	0.256782
-0.0296853	0.279284	0.256357
-0.031694	0.281282	0.255581
-0.0323612	0.282577	0.255131
-0.0327138	0.283399	0.254997
-0.0328309	0.283915	0.254791
-0.0332729	0.284548	0.254691
-0.0333268	0.284767	0.254732
-0.0336609	0.284888	0.254751
-0.0343092	0.285073	0.254753
-0.0354614	0.285079	0.254804
-0.0357828	0.285045	0.254828
-0.0358829	0.285066	0.25488
-0.0359933	0.285049	0.254952
-0.0358126	0.285386	0.255705
-0.0357457	0.285473	0.255941
-0.0356202	0.285503	0.256912
-0.0355116	0.285575	0.257431
-0.0346184	0.285655	0.258624
-0.0333763	0.285856	0.259972
-0.0311654	0.286011	0.262367
-0.0283763	0.285999	0.26492
-0.0219216	0.285927	0.269853
-0.0179348	0.286056	0.272533
-0.0155403	0.285752	0.274224
-0.013915	0.285436	0.275642
-0.0119613	0.285025	0.277952
-0.0111644	0.284909	0.279213
-0.0103855	0.284564	0.280381
-0.00931862	0.284528	0.281883
-0.00777304	0.284314	0.284112
-0.00690776	0.284175	0.285379
-0.00605381	0.283751	0.286735
-0.00435242	0.284167	0.288715
-0.00132966	0.284315	0.291975
-0.000207245	0.284189	0.293332
0.000446379	0.284076	0.294043
0.00151074	0.284079	0.295475
0.00262058	0.283038	0.297323
0.00300995	0.282745	0.297805
0.00317544	0.282604	0.297961
0.0033274	0.282678	0.297989
-0.000799	0.277476	0.294131
-0.00152141	0.27752	0.290468
-0.00287616	0.274283	0.28703
0.000366807	0.273496	0.287243
-0.00248921	0.269232	0.286721
-0.00679874	0.264885	0.287442
0.00086382	0.269574	0.27947
0.00151092	0.269249	0.278235
0.00299188	0.265847	0.280499
-0.00143182	0.262974	0.28858
-0.0121186	0.263681	0.302452
-0.0132066	0.263507	0.304078
0.00325045	0.267302	0.29189
0.0042448	0.267904	0.289736
0.00487781	0.267826	0.288371
0.00551194	0.26704	0.28657
0.00699151	0.269603	0.287029
0.00545457	0.271661	0.28904
-0.00372344	0.26755	0.292882
-0.00557745	0.267197	0.293082
0.00100416	0.273885	0.285339
0.00394571	0.274381	0.280588
0.00570872	0.274628	0.278695
0.00589415	0.274383	0.279049
0.00711823	0.272296	0.281751
0.00756714	0.273662	0.28323
0.0107991	0.279828	0.287967
0.0104953	0.280825	0.288775
0.0143219	0.284112	0.29106
0.0122422	0.283587	0.292268
0.0129445	0.283847	0.292886
0.0140778	0.284073	0.294305
0.0156203	0.282894	0.297178
0.0132308	0.281283	0.297549
0.0124213	0.280923	0.297748
0.0109188	0.280607	0.298358
0.0100258	0.281569	0.300387
0.00967252	0.282246	0.300402
0.00934875	0.28349	0.299681
0.0088535	0.284028	0.298984
0.0072251	0.28707	0.296784
0.00580642	0.288869	0.296162
0.00264132	0.290073	0.295471
0.00154909	0.291885	0.295684
0.00145441	0.295959	0.296675
0.000668913	0.297606	0.296779
0.000762135	0.298971	0.296878
0.00145236	0.299666	0.297149
0.00214562	0.303215	0.298768
0.00115046	0.304113	0.299024
0.00142747	0.305062	0.300048
-0.00369781	0.301388	0.297094
-0.00458997	0.300358	0.297745
-0.00477958	0.298872	0.297141
-8.19564e-06	0.298874	0.298942
0.0115536	0.302648	0.303434
0.0211016	0.301225	0.303926
0.0225878	0.300712	0.30367
0.0244215	0.299895	0.302881
0.0272267	0.300565	0.302491
0.0294919	0.302443	0.301268
0.0296576	0.302697	0.301049
0.030408	0.303492	0.300728
0.0298108	0.303711	0.299943
0.0315606	0.304287	0.300065
0.0320546	0.304122	0.300111
0.0326031	0.304518	0.300421
0.0332141	0.304933	0.300724
0.0348455	0.306061	0.301625
0.0341859	0.306458	0.301396
0.0346925	0.307379	0.301582
0.0349664	0.307782	0.301593
0.0361786	0.308875	0.302152
0.0368648	0.309727	0.302275
0.038001	0.311305	0.302476
0.0380908	0.311409	0.302371
0.0408015	0.311457	0.303323
0.0413303	0.311373	0.303665
0.0423123	0.31275	0.304113
0.0426866	0.312469	0.304357
0.0428607	0.313386	0.304508
0.0425243	0.31351	0.304182
0.0425676	0.314127	0.304232
0.042402	0.31423	0.304053
0.0419881	0.314118	0.3039
0.042074	0.314752	0.304302
0.041897	0.314842	0.304318
0.0418003	0.315019	0.304393
0.0427808	0.314697	0.304904
0.0424832	0.315133	0.304896
0.0421793	0.315246	0.304676
0.0420429	0.315452	0.304592
0.0419574	0.31614	0.304552
0.0419227	0.316239	0.304511
0.0418046	0.31647	0.3044
0.0420351	0.317163	0.304721
0.0419718	0.317859	0.304947
0.0419366	0.318131	0.305333
0.0420048	0.318443	0.305941
0.0434014	0.318338	0.306825
0.0425942	0.319156	0.307738
0.0421577	0.319391	0.307948
0.0419055	0.319516	0.307906
0.0415602	0.319789	0.307699
0.0397556	0.32078	0.306083
0.0378607	0.322552	0.304507
0.0360599	0.324933	0.303287
0.0349277	0.326464	0.302683
0.0270547	0.332611	0.29975
0.024207	0.334602	0.298982
0.0250989	0.33013	0.305748
0.0235517	0.334279	0.304411
0.0234453	0.336611	0.30995
0.0212902	0.340615	0.307783
0.0206842	0.339153	0.310292
0.0188259	0.337417	0.313569
0.0146528	0.340428	0.309998
0.0132434	0.342692	0.307692
0.0145832	0.34004	0.312813
0.0134279	0.344332	0.308651
0.0110517	0.346545	0.304964
0.0108008	0.346509	0.304562
0.010787	0.344921	0.308184
0.00960284	0.345059	0.305568
0.00859451	0.344617	0.308072
0.00843897	0.34459	0.310622
0.00829387	0.343221	0.309582
0.00795594	0.343005	0.310978
0.00724402	0.343393	0.308467
0.00750524	0.34298	0.30905
0.00709143	0.342676	0.308698
0.00688115	0.342275	0.309411
0.00587085	0.3393	0.309565
0.00559843	0.338642	0.311018
0.00489303	0.337243	0.312571
0.00353292	0.335819	0.311266
0.00311115	0.336589	0.314694
0.00212583	0.334411	0.312031
0.00171521	0.333763	0.311068
0.00153968	0.332989	0.309646
0.00507605	0.337194	0.31527
0.00619045	0.337177	0.316259
0.0070484	0.337622	0.316754
0.0076161	0.337292	0.316734
0.00829896	0.33657	0.316711
0.00709254	0.335277	0.316286
0.00417289	0.330497	0.313535
0.000899911	0.325299	0.309758
-0.00651953	0.312741	0.302601
-0.00562316	0.317221	0.299696
-0.00684175	0.318689	0.297243
-0.0112613	0.316536	0.293752
-0.00977096	0.328395	0.285788
-0.00499991	0.335508	0.284265
0.00422448	0.349975	0.274209
-0.00148952	0.342018	0.262297
-0.0150083	0.350263	0.233818
-0.0267392	0.369154	0.216695
-0.0511132	0.370983	0.189115
-0.0669951	0.37825	0.16765
-0.1224	0.346961	0.116339
-0.126912	0.335378	0.105888
-0.157518	0.344309	0.0647884
-0.184372	0.303908	0.0332391
-0.21051	0.276754	0.014966
-0.223407	0.243584	0.00917489
-0.243511	0.211555	-0.00698448
-0.267932	0.177864	-0.0328546
-0.307628	0.155475	-0.0570696
-0.326992	0.126917	-0.059679
-0.331867	0.123748	-0.0676021
-0.377822	0.12494	-0.110134
-0.367661	0.113325	-0.110561
-0.354143	0.104355	-0.0917813
-0.377078	0.0901577	-0.0949083
-0.350368	0.117296	-0.0624858
-0.339369	0.123034	-0.0488462
-0.343598	0.147347	-0.0385079
-0.344619	0.142157	-0.0350747
-0.34095	0.14238	-0.0327577
-0.353631	0.151106	-0.00730777
-0.354238	0.151703	-0.000442654
-0.353661	0.151289	-0.00415796
-0.354577	0.152267	-0.000801563
-0.364142	0.159912	0.0319111
-0.366394	0.157987	0.0346788
-0.367589	0.155792	0.0347495
-0.368116	0.155331	0.0321938
-0.293768	0.163565	0.0378723
-0.367051	0.155064	0.0345558
-0.320652	0.173561	0.0218386
-0.272762	0.178116	0.0210243
-0.356404	0.157658	0.0337197
-0.277554	0.172945	0.0366084
-0.309204	0.170151	0.0211278
-0.309905	0.167891	0.0125684
-0.30802	0.166909	0.0140754
-0.307998	0.164608	0.00959826
-0.288656	0.16063	0.00876686
-0.366255	0.141358	0.00930926
-0.378615	0.140305	0.00641176
-0.383307	0.13894	0.0047473
